LXCat, www.lxcat.net
Generated on 28 Sep 2026. All rights reserved.

RECOMMENDED REFERENCE FORMAT
- UBC database, www.lxcat.net, retrieved on September 28, 2026.

xxxxxxxxxxxxxxxxxxxxxxxxxxxxxxxxxxxxxxxxxxxxxxxxxxxxxxxxxxxxxxxxxxxxxxxxxxxxxxxxxxxxxxxxxxxxxxxxxxxxxxxxxxxxxxxxxxxxxxxx
DATABASE:         UBC database
PERMLINK:         www.lxcat.net/UBC
DESCRIPTION:      The UBC database consists of Absolute Dipole (Optical) Oscillator Strengths as a function of Photon
                  Energy for 65 neutral atoms and molecules for photoabsorption in the vacuum UV and soft X-ray regions
                  of the electromagnetic spectrum. The data were obtained in both the discrete and continuum regions by
                  fast electron scattering using electron energy loss spectroscopy (EELS) at zero degrees scattering
                  angle. This method, known as Dipole (e,e) Spectroscopy, involves Bethe-Born conversion of the electron
                  scattering intensities and Sum-Rule normalization to give absolute scales. The technique utilizes the
                  virtual photon field created by a fast electron scattered in the forward direction (i.e. at negligible
                  momentum transfer). Under these conditions the electron energy loss is equivalent to the photon energy
                  and the method gives results entirely equivalent to those that could be obtained using continuum light
                  sources such as monochromated synchrotron radiation. It is important to note that our data do not
                  suffer from the linesaturation effects (linewidth-bandwidth interactions) which can cause large errors
                  in optically determined oscillator strengths for discrete transitions with narrow natural linewidths.
                  Our experimental methods, data processing and some corrections to earlier data are presented in the
                  following publications:
                  
                  (1) W.F. Chan, G. Cooper and C.E. Brion, Absolute Oscillator Strengths for the Electronic Excitation
                  of Atoms at High Resolution: Experimental Methods and Measurements for Helium. Phys. Rev. A 44,186-204
                  (1991).
                  
                  (2) W.F. Chan, G. Cooper, X. Guo, G.R. Burton and C.E. Brion, Absolute Oscillator Strengths for the
                  Electronic Excitation of Atoms at High Resolution. Part III: The Photoabsorption of Argon, Krypton and
                  Xenon. Phys. Rev. A 46, 149-171 (1992); 48, 858-860 (1993).
                  
                  (3) T.N. Olney, N.M. Cann, G. Cooper, and C.E. Brion. Absolute Scale Determination for Photoabsorption
                  Spectra and the Calculation of Molecular Properties using Dipole Sum-Rules. Chem.Physics, 223, 59-98
                  (1997) and references therein.
                  
                  Both  “low” ( typically 1.0 eV fwhm) and “high” ( typically 0.048 eV fwhm) resolution data are
                  tabulated and can be plotted. These data are derived from a series of measurements made by Professor
                  Chris Brion and his group at the University of British Columbia (UBC) between 1991 and 2002.
                  References to their publications for specific neutral species should be included in all publications
                  making use of these data. See the UBC database for specific references. Occasionally, the tabulated
                  values of oscillator strength are negative below and close to threshold for inelastic scattering. This
                  simply reflects the statistical accuracy of the data.
xxxxxxxxxxxxxxxxxxxxxxxxxxxxxxxxxxxxxxxxxxxxxxxxxxxxxxxxxxxxxxxxxxxxxxxxxxxxxxxxxxxxxxxxxxxxxxxxxxxxxxxxxxxxxxxxxxxxxxxx

************************************************************************************************************************

COMMENT: high resolution (48meV fwhm) autoionization region data.

********************************************************** Kr **********************************************************

SPECIES: e / Kr
PROCESS: Oscillator strength
COMMENT: Krypton high resolution (48meV fwhm) autoionization region From: Phys. Rev. A 46 (1992)
COMMENT: 1420.
UPDATED: 2013-09-21 17:36:03
COLUMNS: Energy (eV) | Oscillator strength (eV-1)
-----------------------------
 1.802402e+1	3.901900e-1
 1.804103e+1	3.902200e-1
 1.805804e+1	3.883700e-1
 1.807505e+1	3.896000e-1
 1.809206e+1	3.891800e-1
 1.810907e+1	3.887200e-1
 1.812608e+1	3.871900e-1
 1.814309e+1	3.899000e-1
 1.816010e+1	3.866000e-1
 1.817711e+1	3.905000e-1
 1.819412e+1	3.855300e-1
 1.821113e+1	3.915500e-1
 1.822814e+1	3.874800e-1
 1.824515e+1	3.838800e-1
 1.826215e+1	3.901600e-1
 1.827917e+1	3.864700e-1
 1.829617e+1	3.912700e-1
 1.831318e+1	3.860300e-1
 1.833019e+1	3.858400e-1
 1.834720e+1	3.860400e-1
 1.836421e+1	3.854800e-1
 1.838122e+1	3.825300e-1
 1.839823e+1	3.861500e-1
 1.841524e+1	3.847100e-1
 1.843225e+1	3.841700e-1
 1.844926e+1	3.880300e-1
 1.846627e+1	3.891000e-1
 1.848328e+1	3.852100e-1
 1.850029e+1	3.850100e-1
 1.851730e+1	3.867900e-1
 1.853431e+1	3.868800e-1
 1.855132e+1	3.821600e-1
 1.856833e+1	3.849500e-1
 1.858534e+1	3.847200e-1
 1.860235e+1	3.873600e-1
 1.861936e+1	3.882400e-1
 1.863637e+1	3.817100e-1
 1.865338e+1	3.833700e-1
 1.867039e+1	3.798800e-1
 1.868740e+1	3.852800e-1
 1.870441e+1	3.825500e-1
 1.872142e+1	3.800800e-1
 1.873843e+1	3.867000e-1
 1.875544e+1	3.848000e-1
 1.877245e+1	3.868600e-1
 1.878946e+1	3.859400e-1
 1.880647e+1	3.788900e-1
 1.882348e+1	3.791500e-1
 1.884049e+1	3.802600e-1
 1.885750e+1	3.827800e-1
 1.887450e+1	3.747800e-1
 1.889151e+1	3.794900e-1
 1.890852e+1	3.734800e-1
 1.892553e+1	3.760600e-1
 1.894254e+1	3.833900e-1
 1.895955e+1	3.767400e-1
 1.897656e+1	3.802700e-1
 1.899357e+1	3.802800e-1
 1.901058e+1	3.736100e-1
 1.902759e+1	3.785400e-1
 1.904460e+1	3.812600e-1
 1.906161e+1	3.774400e-1
 1.907862e+1	3.817500e-1
 1.909563e+1	3.799700e-1
 1.911264e+1	3.790700e-1
 1.912965e+1	3.794800e-1
 1.914666e+1	3.812500e-1
 1.916367e+1	3.830100e-1
 1.918068e+1	3.773700e-1
 1.919769e+1	3.774700e-1
 1.921470e+1	3.760300e-1
 1.923171e+1	3.746100e-1
 1.924872e+1	3.764200e-1
 1.926573e+1	3.747600e-1
 1.928274e+1	3.739800e-1
 1.929975e+1	3.794000e-1
 1.931676e+1	3.728500e-1
 1.933377e+1	3.780500e-1
 1.935078e+1	3.695600e-1
 1.936779e+1	3.777000e-1
 1.938480e+1	3.693600e-1
 1.940180e+1	3.702200e-1
 1.941882e+1	3.712900e-1
 1.943582e+1	3.762700e-1
 1.945283e+1	3.762500e-1
 1.946984e+1	3.720000e-1
 1.948685e+1	3.736200e-1
 1.950386e+1	3.783200e-1
 1.952087e+1	3.721900e-1
 1.953788e+1	3.701400e-1
 1.955489e+1	3.724900e-1
 1.957190e+1	3.712500e-1
 1.958891e+1	3.718800e-1
 1.960592e+1	3.701100e-1
 1.962293e+1	3.708200e-1
 1.963994e+1	3.706700e-1
 1.965695e+1	3.711700e-1
 1.967396e+1	3.687400e-1
 1.969097e+1	3.699900e-1
 1.970798e+1	3.725600e-1
 1.972499e+1	3.672100e-1
 1.974200e+1	3.724300e-1
 1.975901e+1	3.706200e-1
 1.977602e+1	3.688200e-1
 1.979303e+1	3.687200e-1
 1.981004e+1	3.732200e-1
 1.982705e+1	3.642300e-1
 1.984406e+1	3.665200e-1
 1.986107e+1	3.666300e-1
 1.987808e+1	3.662200e-1
 1.989509e+1	3.681600e-1
 1.991210e+1	3.689200e-1
 1.992911e+1	3.692800e-1
 1.994611e+1	3.676400e-1
 1.996313e+1	3.660400e-1
 1.998013e+1	3.656300e-1
 1.999715e+1	3.658900e-1
 2.001415e+1	3.674400e-1
 2.003116e+1	3.608000e-1
 2.004817e+1	3.674800e-1
 2.006518e+1	3.630500e-1
 2.008219e+1	3.678000e-1
 2.009920e+1	3.651200e-1
 2.011621e+1	3.671200e-1
 2.013322e+1	3.651400e-1
 2.015023e+1	3.625900e-1
 2.016724e+1	3.621500e-1
 2.018425e+1	3.671100e-1
 2.020126e+1	3.669000e-1
 2.021827e+1	3.639100e-1
 2.023528e+1	3.621800e-1
 2.025229e+1	3.652300e-1
 2.026930e+1	3.593100e-1
 2.028631e+1	3.598200e-1
 2.030332e+1	3.616500e-1
 2.032033e+1	3.616400e-1
 2.033734e+1	3.637900e-1
 2.035435e+1	3.660100e-1
 2.037136e+1	3.593100e-1
 2.038837e+1	3.546200e-1
 2.040538e+1	3.611500e-1
 2.042239e+1	3.646400e-1
 2.043940e+1	3.657900e-1
 2.045641e+1	3.597700e-1
 2.047342e+1	3.563400e-1
 2.049043e+1	3.598700e-1
 2.050744e+1	3.602900e-1
 2.052445e+1	3.599600e-1
 2.054146e+1	3.616800e-1
 2.055847e+1	3.568900e-1
 2.057547e+1	3.609400e-1
 2.059248e+1	3.552700e-1
 2.060949e+1	3.581000e-1
 2.062650e+1	3.590300e-1
 2.064351e+1	3.567800e-1
 2.066052e+1	3.558700e-1
 2.067753e+1	3.557700e-1
 2.069454e+1	3.569100e-1
 2.071155e+1	3.572700e-1
 2.072856e+1	3.502200e-1
 2.074557e+1	3.584500e-1
 2.076258e+1	3.546000e-1
 2.077959e+1	3.533700e-1
 2.079660e+1	3.576500e-1
 2.081361e+1	3.605500e-1
 2.083062e+1	3.494100e-1
 2.084763e+1	3.514700e-1
 2.086464e+1	3.521700e-1
 2.088165e+1	3.536000e-1
 2.089866e+1	3.489700e-1
 2.091567e+1	3.596800e-1
 2.093268e+1	3.510200e-1
 2.094969e+1	3.528000e-1
 2.096670e+1	3.470000e-1
 2.098371e+1	3.525800e-1
 2.100072e+1	3.538200e-1
 2.101773e+1	3.498200e-1
 2.103474e+1	3.499600e-1
 2.105175e+1	3.494400e-1
 2.106876e+1	3.556700e-1
 2.108577e+1	3.503500e-1
 2.110278e+1	3.482500e-1
 2.111979e+1	3.461400e-1
 2.113679e+1	3.477800e-1
 2.115380e+1	3.557900e-1
 2.117081e+1	3.480700e-1
 2.118782e+1	3.443300e-1
 2.120483e+1	3.511700e-1
 2.122184e+1	3.499400e-1
 2.123885e+1	3.537600e-1
 2.125586e+1	3.486400e-1
 2.127287e+1	3.471000e-1
 2.128988e+1	3.474300e-1
 2.130689e+1	3.459700e-1
 2.132390e+1	3.484900e-1
 2.134091e+1	3.443800e-1
 2.135792e+1	3.469700e-1
 2.137493e+1	3.484300e-1
 2.139194e+1	3.466500e-1
 2.140895e+1	3.431500e-1
 2.142596e+1	3.465300e-1
 2.144297e+1	3.412100e-1
 2.145998e+1	3.452700e-1
 2.147699e+1	3.435500e-1
 2.149400e+1	3.417800e-1
 2.151101e+1	3.407400e-1
 2.152802e+1	3.381400e-1
 2.154503e+1	3.425400e-1
 2.156204e+1	3.422000e-1
 2.157905e+1	3.390200e-1
 2.159606e+1	3.455500e-1
 2.161307e+1	3.395700e-1
 2.163008e+1	3.418100e-1
 2.164709e+1	3.360900e-1
 2.166410e+1	3.429800e-1
 2.168111e+1	3.341300e-1
 2.169812e+1	3.334100e-1
 2.171512e+1	3.391400e-1
 2.173213e+1	3.391900e-1
 2.174914e+1	3.364700e-1
 2.176615e+1	3.399300e-1
 2.178316e+1	3.355800e-1
 2.180017e+1	3.328600e-1
 2.181718e+1	3.364100e-1
 2.183419e+1	3.361100e-1
 2.185120e+1	3.357900e-1
 2.186821e+1	3.311000e-1
 2.188522e+1	3.403200e-1
 2.190223e+1	3.371900e-1
 2.191924e+1	3.321400e-1
 2.193625e+1	3.334600e-1
 2.195326e+1	3.316500e-1
 2.197027e+1	3.366200e-1
 2.198728e+1	3.305400e-1
 2.200429e+1	3.324700e-1
 2.202130e+1	3.275000e-1
 2.203831e+1	3.324700e-1
 2.205532e+1	3.338700e-1
 2.207233e+1	3.318800e-1
 2.208934e+1	3.311900e-1
 2.210635e+1	3.293500e-1
 2.212336e+1	3.292000e-1
 2.214037e+1	3.338600e-1
 2.215738e+1	3.316200e-1
 2.217439e+1	3.324100e-1
 2.219140e+1	3.298100e-1
 2.220841e+1	3.260900e-1
 2.222542e+1	3.291300e-1
 2.224243e+1	3.289400e-1
 2.225944e+1	3.247500e-1
 2.227644e+1	3.299400e-1
 2.229345e+1	3.264500e-1
 2.231046e+1	3.279200e-1
 2.232747e+1	3.261200e-1
 2.234448e+1	3.264500e-1
 2.236149e+1	3.204000e-1
 2.237850e+1	3.252000e-1
 2.239551e+1	3.234100e-1
 2.241252e+1	3.238900e-1
 2.242953e+1	3.348600e-1
 2.244654e+1	3.220800e-1
 2.246355e+1	3.274900e-1
 2.248056e+1	3.217700e-1
 2.249757e+1	3.198200e-1
 2.251458e+1	3.185700e-1
 2.253159e+1	3.207800e-1
 2.254860e+1	3.193400e-1
 2.256561e+1	3.189000e-1
 2.258262e+1	3.302500e-1
 2.259963e+1	3.243600e-1
 2.261664e+1	3.247800e-1
 2.263365e+1	3.195600e-1
 2.265066e+1	3.162200e-1
 2.266767e+1	3.236500e-1
 2.268468e+1	3.221900e-1
 2.270169e+1	3.202400e-1
 2.271870e+1	3.152600e-1
 2.273571e+1	3.245900e-1
 2.275272e+1	3.168300e-1
 2.276973e+1	3.198600e-1
 2.278674e+1	3.187500e-1
 2.280375e+1	3.210200e-1
 2.282076e+1	3.162200e-1
 2.283776e+1	3.169200e-1
 2.285477e+1	3.176900e-1
 2.287178e+1	3.149700e-1
 2.288879e+1	3.189300e-1
 2.290580e+1	3.162100e-1
 2.292281e+1	3.142200e-1
 2.293982e+1	3.162900e-1
 2.295683e+1	3.129000e-1
 2.297384e+1	3.151000e-1
 2.299085e+1	3.152900e-1
 2.300786e+1	3.223200e-1
 2.302487e+1	3.164600e-1
 2.304188e+1	3.140200e-1
 2.305889e+1	3.148200e-1
 2.307590e+1	3.122300e-1
 2.309291e+1	3.070000e-1
 2.310992e+1	3.203700e-1
 2.312693e+1	3.115300e-1
 2.314394e+1	3.093600e-1
 2.316095e+1	3.118300e-1
 2.317796e+1	3.086900e-1
 2.319497e+1	3.130200e-1
 2.321198e+1	3.108400e-1
 2.322899e+1	3.101100e-1
 2.324600e+1	3.054800e-1
 2.326301e+1	3.131700e-1
 2.328002e+1	3.114700e-1
 2.329703e+1	3.067100e-1
 2.331404e+1	3.087600e-1
 2.333105e+1	3.073500e-1
 2.334806e+1	3.031600e-1
 2.336507e+1	3.066200e-1
 2.338208e+1	3.065100e-1
 2.339909e+1	3.035300e-1
 2.341609e+1	3.036800e-1
 2.343310e+1	3.109100e-1
 2.345011e+1	3.106000e-1
 2.346712e+1	3.027700e-1
 2.348413e+1	3.025100e-1
 2.350114e+1	3.027200e-1
 2.351815e+1	3.021100e-1
 2.353516e+1	3.082800e-1
 2.355217e+1	3.010100e-1
 2.356918e+1	2.999700e-1
 2.358619e+1	3.056400e-1
 2.360320e+1	3.061000e-1
 2.362021e+1	3.063300e-1
 2.363722e+1	3.033000e-1
 2.365423e+1	3.070700e-1
 2.367124e+1	3.030400e-1
 2.368825e+1	3.009300e-1
 2.370526e+1	3.024900e-1
 2.372227e+1	3.024300e-1
 2.373928e+1	3.030200e-1
 2.375629e+1	3.057800e-1
 2.377330e+1	3.015600e-1
 2.379031e+1	3.008800e-1
 2.380732e+1	3.015900e-1
 2.382433e+1	2.942200e-1
 2.384134e+1	2.940200e-1
 2.385835e+1	2.957300e-1
 2.387536e+1	2.981500e-1
 2.389237e+1	2.939600e-1
 2.390938e+1	2.941200e-1
 2.392639e+1	2.992300e-1
 2.394340e+1	2.983200e-1
 2.396041e+1	2.920000e-1
 2.397741e+1	2.968300e-1
 2.399442e+1	2.930400e-1
 2.401143e+1	2.928600e-1
 2.402844e+1	2.948400e-1
 2.404545e+1	2.908200e-1
 2.406246e+1	2.957300e-1
 2.407947e+1	2.973500e-1
 2.409648e+1	2.957300e-1
 2.411349e+1	3.021600e-1
 2.413050e+1	2.908200e-1
 2.414751e+1	2.950600e-1
 2.416452e+1	2.948900e-1
 2.418153e+1	2.892900e-1
 2.419854e+1	2.961900e-1
 2.421555e+1	2.888200e-1
 2.423256e+1	2.908500e-1
 2.424957e+1	2.879500e-1
 2.426658e+1	2.907000e-1
 2.428359e+1	2.892600e-1
 2.430060e+1	2.881400e-1
 2.431761e+1	2.846000e-1
 2.433462e+1	2.867100e-1
 2.435163e+1	2.845300e-1
 2.436864e+1	2.946900e-1
 2.438565e+1	2.864800e-1
 2.440266e+1	2.911800e-1
 2.441967e+1	2.868700e-1
 2.443668e+1	2.814200e-1
 2.445369e+1	2.872200e-1
 2.447070e+1	2.924800e-1
 2.448771e+1	2.871700e-1
 2.450472e+1	2.824500e-1
 2.452173e+1	2.856800e-1
 2.453873e+1	2.845800e-1
 2.455574e+1	2.807200e-1
 2.457275e+1	2.825800e-1
 2.458976e+1	2.819400e-1
 2.460677e+1	2.832900e-1
 2.462378e+1	2.776800e-1
 2.464079e+1	2.820200e-1
 2.465780e+1	2.814900e-1
 2.467481e+1	2.783400e-1
 2.469182e+1	2.800400e-1
 2.470883e+1	2.793800e-1
 2.472584e+1	2.774500e-1
 2.474285e+1	2.738300e-1
 2.475986e+1	2.767900e-1
 2.477687e+1	2.732300e-1
 2.479388e+1	2.721900e-1
 2.481089e+1	2.654600e-1
 2.482790e+1	2.685900e-1
 2.484491e+1	2.593800e-1
 2.486192e+1	2.479900e-1
 2.487893e+1	2.352600e-1
 2.489594e+1	2.081300e-1
 2.491295e+1	1.823800e-1
 2.492996e+1	1.735000e-1
 2.494697e+1	1.728700e-1
 2.496398e+1	1.767100e-1
 2.498099e+1	1.725200e-1
 2.499800e+1	1.723900e-1
 2.501501e+1	1.896800e-1
 2.503202e+1	2.150000e-1
 2.504903e+1	2.301600e-1
 2.506604e+1	2.389200e-1
 2.508305e+1	2.500300e-1
 2.510006e+1	2.530500e-1
 2.511706e+1	2.535600e-1
 2.513407e+1	2.612800e-1
 2.515108e+1	2.591700e-1
 2.516809e+1	2.515900e-1
 2.518510e+1	2.540000e-1
 2.520211e+1	2.605100e-1
 2.521912e+1	2.633500e-1
 2.523613e+1	2.641300e-1
 2.525314e+1	2.563800e-1
 2.527015e+1	2.569000e-1
 2.528716e+1	2.715200e-1
 2.530417e+1	2.601700e-1
 2.532118e+1	2.638800e-1
 2.533819e+1	2.674900e-1
 2.535520e+1	2.642500e-1
 2.537221e+1	2.555000e-1
 2.538922e+1	2.676000e-1
 2.540623e+1	2.562600e-1
 2.542324e+1	2.551500e-1
 2.544025e+1	2.598600e-1
 2.545726e+1	2.576100e-1
 2.547427e+1	2.655700e-1
 2.549128e+1	2.593700e-1
 2.550829e+1	2.596300e-1
 2.552530e+1	2.568200e-1
 2.554231e+1	2.611600e-1
 2.555932e+1	2.634400e-1
 2.557633e+1	2.676100e-1
 2.559334e+1	2.617500e-1
 2.561035e+1	2.590500e-1
 2.562736e+1	2.599100e-1
 2.564437e+1	2.578500e-1
 2.566138e+1	2.630900e-1
 2.567838e+1	2.587500e-1
 2.569539e+1	2.590100e-1
 2.571240e+1	2.552600e-1
 2.572941e+1	2.556100e-1
 2.574642e+1	2.567000e-1
 2.576343e+1	2.537600e-1
 2.578044e+1	2.591600e-1
 2.579745e+1	2.558600e-1
 2.581446e+1	2.558400e-1
 2.583147e+1	2.548400e-1
 2.584848e+1	2.564400e-1
 2.586549e+1	2.608300e-1
 2.588250e+1	2.565300e-1
 2.589951e+1	2.515200e-1
 2.591652e+1	2.470700e-1
 2.593353e+1	2.483200e-1
 2.595054e+1	2.474700e-1
 2.596755e+1	2.513800e-1
 2.598456e+1	2.550500e-1
 2.600157e+1	2.563500e-1
 2.601858e+1	2.521700e-1
 2.603559e+1	2.449400e-1
 2.605260e+1	2.527600e-1
 2.606961e+1	2.520600e-1
 2.608662e+1	2.516500e-1
 2.610363e+1	2.514300e-1
 2.612064e+1	2.470600e-1
 2.613765e+1	2.506300e-1
 2.615466e+1	2.491700e-1
 2.617167e+1	2.456400e-1
 2.618868e+1	2.448900e-1
 2.620569e+1	2.395200e-1
 2.622270e+1	2.417000e-1
 2.623970e+1	2.367800e-1
 2.625671e+1	2.270500e-1
 2.627372e+1	2.170200e-1
 2.629073e+1	1.979800e-1
 2.630774e+1	1.998000e-1
 2.632475e+1	2.095100e-1
 2.634176e+1	2.212300e-1
 2.635877e+1	2.310700e-1
 2.637578e+1	2.372400e-1
 2.639279e+1	2.377400e-1
 2.640980e+1	2.394500e-1
 2.642681e+1	2.375000e-1
 2.644382e+1	2.406200e-1
 2.646083e+1	2.428500e-1
 2.647784e+1	2.534500e-1
 2.649485e+1	2.475200e-1
 2.651186e+1	2.499500e-1
 2.652887e+1	2.377500e-1
 2.654588e+1	2.484300e-1
 2.656289e+1	2.462500e-1
 2.657990e+1	2.458500e-1
 2.659691e+1	2.389400e-1
 2.661392e+1	2.349900e-1
 2.663093e+1	2.425600e-1
 2.664794e+1	2.410100e-1
 2.666495e+1	2.387000e-1
 2.668196e+1	2.332800e-1
 2.669897e+1	2.362000e-1
 2.671598e+1	2.350000e-1
 2.673299e+1	2.261000e-1
 2.675000e+1	2.319200e-1
 2.676701e+1	2.204500e-1
 2.678402e+1	2.156400e-1
 2.680103e+1	2.205700e-1
 2.681803e+1	2.257100e-1
 2.683504e+1	2.300200e-1
 2.685205e+1	2.367000e-1
 2.686906e+1	2.400600e-1
 2.688607e+1	2.396100e-1
 2.690308e+1	2.445900e-1
 2.692009e+1	2.408600e-1
 2.693710e+1	2.414600e-1
 2.695411e+1	2.373300e-1
 2.697112e+1	2.362900e-1
 2.698813e+1	2.286000e-1
 2.700514e+1	2.398700e-1
 2.702215e+1	2.364800e-1
 2.703916e+1	2.353200e-1
 2.705617e+1	2.401200e-1
 2.707318e+1	2.315700e-1
 2.709019e+1	2.270200e-1
 2.710720e+1	2.300200e-1
 2.712421e+1	2.219500e-1
 2.714122e+1	2.205100e-1
 2.715823e+1	2.203400e-1
 2.717524e+1	2.147100e-1
 2.719225e+1	2.133600e-1
 2.720926e+1	2.216000e-1
 2.722627e+1	2.175500e-1
 2.724328e+1	2.107500e-1
 2.726029e+1	2.142500e-1
 2.727730e+1	2.198400e-1
 2.729431e+1	2.164800e-1
 2.731132e+1	2.208000e-1
 2.732833e+1	2.080300e-1
 2.734534e+1	2.178000e-1
 2.736235e+1	2.190900e-1
 2.737935e+1	2.171800e-1
 2.739636e+1	2.127800e-1
 2.741337e+1	2.133300e-1
 2.743038e+1	2.086700e-1
 2.744739e+1	2.132200e-1
 2.746440e+1	2.117300e-1
 2.748141e+1	2.103200e-1
 2.749842e+1	2.133800e-1
 2.751543e+1	2.136400e-1
 2.753244e+1	2.104700e-1
 2.754945e+1	2.167700e-1
 2.756646e+1	2.095700e-1
 2.758347e+1	2.014800e-1
 2.760048e+1	2.044900e-1
 2.761749e+1	2.104900e-1
 2.763450e+1	2.085000e-1
 2.765151e+1	2.074800e-1
 2.766852e+1	2.132200e-1
 2.768553e+1	2.081200e-1
 2.770254e+1	2.107800e-1
 2.771955e+1	2.158000e-1
 2.773656e+1	2.123800e-1
 2.775357e+1	2.102500e-1
 2.777058e+1	2.120200e-1
 2.778759e+1	2.087900e-1
 2.780460e+1	2.073600e-1
 2.782161e+1	2.109600e-1
 2.783862e+1	2.036500e-1
 2.785563e+1	2.027600e-1
 2.787264e+1	2.045700e-1
 2.788965e+1	2.061600e-1
 2.790666e+1	1.992200e-1
 2.792367e+1	2.027900e-1
 2.794067e+1	2.123400e-1
 2.795768e+1	2.013800e-1
 2.797469e+1	2.069300e-1
 2.799170e+1	2.032300e-1
 2.800871e+1	2.056400e-1
 2.802572e+1	2.037500e-1
 2.804273e+1	2.038600e-1
 2.805974e+1	2.023300e-1
 2.807675e+1	2.053400e-1
 2.809376e+1	2.031300e-1
 2.811077e+1	1.994800e-1
 2.812778e+1	2.045900e-1
 2.814479e+1	2.043300e-1
 2.816180e+1	2.037100e-1
 2.817881e+1	2.065500e-1
 2.819582e+1	2.060900e-1
 2.821283e+1	2.004600e-1
 2.822984e+1	2.054300e-1
 2.824685e+1	1.996800e-1
 2.826386e+1	2.025700e-1
 2.828087e+1	1.997000e-1
 2.829788e+1	2.043300e-1
 2.831489e+1	2.009200e-1
 2.833190e+1	1.976100e-1
 2.834891e+1	2.030300e-1
 2.836592e+1	1.967000e-1
 2.838293e+1	2.033200e-1
 2.839994e+1	2.035400e-1
 2.841695e+1	2.026300e-1
 2.843396e+1	2.039800e-1
 2.845097e+1	1.971500e-1
 2.846798e+1	1.969900e-1
 2.848499e+1	2.018600e-1
 2.850200e+1	1.986300e-1
 2.851900e+1	2.058300e-1
 2.853601e+1	1.998300e-1
 2.855302e+1	1.962700e-1
 2.857003e+1	2.045800e-1
 2.858704e+1	1.854600e-1
 2.860405e+1	1.871300e-1
 2.862106e+1	1.941100e-1
 2.863807e+1	1.910500e-1
 2.865508e+1	1.939900e-1
 2.867209e+1	1.932700e-1
 2.868910e+1	1.964500e-1
 2.870611e+1	1.896300e-1
 2.872312e+1	1.923500e-1
 2.874013e+1	1.952500e-1
 2.875714e+1	1.982100e-1
 2.877415e+1	1.917400e-1
 2.879116e+1	1.898500e-1
 2.880817e+1	1.934900e-1
 2.882518e+1	1.867100e-1
 2.884219e+1	1.828000e-1
 2.885920e+1	1.933000e-1
 2.887621e+1	1.961200e-1
 2.889322e+1	1.850400e-1
 2.891023e+1	1.892200e-1
 2.892724e+1	1.983500e-1
 2.894425e+1	1.908900e-1
 2.896126e+1	1.867100e-1
 2.897827e+1	1.907200e-1
 2.899528e+1	1.908700e-1
 2.901229e+1	1.914700e-1
 2.902930e+1	1.935200e-1
 2.904631e+1	1.884200e-1
 2.906332e+1	1.848900e-1
 2.908032e+1	1.823100e-1
 2.909733e+1	1.827900e-1
 2.911434e+1	1.849500e-1
 2.913135e+1	1.818500e-1
 2.914836e+1	1.828300e-1
 2.916537e+1	1.760600e-1
 2.918238e+1	1.862000e-1
 2.919939e+1	1.825400e-1
 2.921640e+1	1.847600e-1
 2.923341e+1	1.907400e-1
 2.925042e+1	1.900600e-1
 2.926743e+1	1.852600e-1
 2.928444e+1	1.930100e-1
 2.930145e+1	1.907300e-1
 2.931846e+1	1.919600e-1
 2.933547e+1	1.945100e-1
 2.935248e+1	1.914500e-1
 2.936949e+1	1.866200e-1
 2.938650e+1	1.874800e-1
 2.940351e+1	1.918200e-1
 2.942052e+1	1.874100e-1
 2.943753e+1	1.821400e-1
 2.945454e+1	1.871000e-1
 2.947155e+1	1.772600e-1
 2.948856e+1	1.792400e-1
 2.950557e+1	1.710000e-1
 2.952258e+1	1.725000e-1
 2.953959e+1	1.768600e-1
 2.955660e+1	1.685100e-1
 2.957361e+1	1.741600e-1
 2.959062e+1	1.642500e-1
 2.960763e+1	1.591200e-1
 2.962464e+1	1.586800e-1
 2.964164e+1	1.598800e-1
 2.965865e+1	1.617200e-1
 2.967566e+1	1.685600e-1
 2.969267e+1	1.664900e-1
 2.970968e+1	1.602500e-1
 2.972669e+1	1.655800e-1
 2.974370e+1	1.594600e-1
 2.976071e+1	1.558900e-1
 2.977772e+1	1.619000e-1
 2.979473e+1	1.646100e-1
 2.981174e+1	1.601000e-1
 2.982875e+1	1.634300e-1
 2.984576e+1	1.693000e-1
 2.986277e+1	1.643200e-1
 2.987978e+1	1.600700e-1
 2.989679e+1	1.582000e-1
 2.991380e+1	1.679500e-1
 2.993081e+1	1.716900e-1
 2.994782e+1	1.610500e-1
 2.996483e+1	1.633000e-1
 2.998184e+1	1.673500e-1
 2.999885e+1	1.609600e-1
 3.001586e+1	1.636600e-1
 3.003287e+1	1.594300e-1
 3.004988e+1	1.617600e-1
 3.006689e+1	1.590500e-1
 3.008390e+1	1.697200e-1
 3.010091e+1	1.663500e-1
 3.011792e+1	1.688700e-1
 3.013493e+1	1.622500e-1
 3.015194e+1	1.667700e-1
 3.016895e+1	1.667500e-1
 3.018596e+1	1.644000e-1
 3.020297e+1	1.730700e-1
 3.021997e+1	1.686100e-1
 3.023698e+1	1.673800e-1
 3.025399e+1	1.697600e-1
 3.027100e+1	1.691500e-1
 3.028801e+1	1.723400e-1
 3.030502e+1	1.628300e-1
 3.032203e+1	1.668300e-1
 3.033904e+1	1.638700e-1
 3.035605e+1	1.643900e-1
 3.037306e+1	1.618100e-1
 3.039007e+1	1.671900e-1
 3.040708e+1	1.614100e-1
 3.042409e+1	1.714700e-1
 3.044110e+1	1.693300e-1
 3.045811e+1	1.712100e-1
 3.047512e+1	1.694600e-1
 3.049213e+1	1.707100e-1
 3.050914e+1	1.713500e-1
 3.052615e+1	1.668500e-1
 3.054316e+1	1.679300e-1
 3.056017e+1	1.599500e-1
 3.057718e+1	1.714500e-1
 3.059419e+1	1.682400e-1
 3.061120e+1	1.593900e-1
 3.062821e+1	1.613600e-1
 3.064522e+1	1.599000e-1
 3.066223e+1	1.555100e-1
 3.067924e+1	1.624400e-1
 3.069625e+1	1.611300e-1
 3.071326e+1	1.622500e-1
 3.073027e+1	1.603200e-1
 3.074728e+1	1.677100e-1
 3.076429e+1	1.635400e-1
 3.078129e+1	1.609100e-1
 3.079830e+1	1.584000e-1
 3.081531e+1	1.566400e-1
 3.083232e+1	1.560500e-1
 3.084933e+1	1.633700e-1
 3.086634e+1	1.610200e-1
 3.088335e+1	1.618700e-1
 3.090036e+1	1.533600e-1
 3.091737e+1	1.587200e-1
 3.093438e+1	1.554800e-1
 3.095139e+1	1.539500e-1
 3.096840e+1	1.602300e-1
 3.098541e+1	1.587500e-1
 3.100242e+1	1.549600e-1
 3.101943e+1	1.561400e-1
 3.103644e+1	1.561100e-1
 3.105345e+1	1.548800e-1
 3.107046e+1	1.563100e-1
 3.108747e+1	1.579200e-1
 3.110448e+1	1.580900e-1
 3.112149e+1	1.533300e-1
 3.113850e+1	1.477500e-1
 3.115551e+1	1.543300e-1
 3.117252e+1	1.525200e-1
 3.118953e+1	1.552300e-1
 3.120654e+1	1.523400e-1
 3.122355e+1	1.527700e-1
 3.124056e+1	1.464200e-1
 3.125757e+1	1.484500e-1
 3.127458e+1	1.489400e-1
 3.129159e+1	1.504900e-1
 3.130860e+1	1.457200e-1
 3.132561e+1	1.469100e-1
 3.134261e+1	1.466600e-1
 3.135962e+1	1.497300e-1
 3.137663e+1	1.429500e-1
 3.139364e+1	1.480100e-1
 3.141065e+1	1.487900e-1
 3.142766e+1	1.475600e-1
 3.144467e+1	1.485400e-1
 3.146168e+1	1.445800e-1
 3.147869e+1	1.493300e-1
 3.149570e+1	1.411700e-1
 3.151271e+1	1.505900e-1
 3.152972e+1	1.456200e-1
 3.154673e+1	1.460100e-1
 3.156374e+1	1.514000e-1
 3.158075e+1	1.464800e-1
 3.159776e+1	1.432000e-1
 3.161477e+1	1.434600e-1
 3.163178e+1	1.411600e-1
 3.164879e+1	1.432400e-1
 3.166580e+1	1.442800e-1
 3.168281e+1	1.435700e-1
 3.169982e+1	1.393600e-1
 3.171683e+1	1.395300e-1
 3.173384e+1	1.447700e-1
 3.175085e+1	1.379500e-1
 3.176786e+1	1.410400e-1
 3.178487e+1	1.391900e-1
 3.180188e+1	1.394500e-1
 3.181889e+1	1.423600e-1
 3.183590e+1	1.371200e-1
 3.185291e+1	1.387100e-1
 3.186992e+1	1.401900e-1
 3.188693e+1	1.330800e-1
 3.190394e+1	1.347200e-1
 3.192094e+1	1.369000e-1
 3.193795e+1	1.360200e-1
 3.195496e+1	1.352000e-1
 3.197197e+1	1.335600e-1
 3.198898e+1	1.341000e-1
 3.200599e+1	1.328100e-1
 3.202300e+1	1.339400e-1
 3.204001e+1	1.331100e-1
 3.205702e+1	1.377200e-1
 3.207403e+1	1.318100e-1
 3.209104e+1	1.326200e-1
 3.210805e+1	1.367000e-1
 3.212506e+1	1.302200e-1
 3.214207e+1	1.353200e-1
 3.215908e+1	1.302400e-1
 3.217609e+1	1.313900e-1
 3.219310e+1	1.285400e-1
 3.221011e+1	1.280400e-1
 3.222712e+1	1.320700e-1
 3.224413e+1	1.346500e-1
 3.226114e+1	1.254600e-1
 3.227815e+1	1.381500e-1
 3.229516e+1	1.295200e-1
 3.231217e+1	1.341800e-1
 3.232918e+1	1.277000e-1
 3.234619e+1	1.228200e-1
 3.236320e+1	1.276800e-1
 3.238021e+1	1.284500e-1
 3.239722e+1	1.286300e-1
 3.241423e+1	1.296800e-1
 3.243124e+1	1.288900e-1
 3.244825e+1	1.278800e-1
 3.246526e+1	1.300200e-1
 3.248226e+1	1.299200e-1
 3.249927e+1	1.308100e-1
 3.251628e+1	1.296500e-1
 3.253329e+1	1.289100e-1
 3.255030e+1	1.251900e-1
 3.256731e+1	1.272900e-1
 3.258432e+1	1.336900e-1
 3.260133e+1	1.310900e-1
 3.261834e+1	1.270200e-1
 3.263535e+1	1.246300e-1
 3.265236e+1	1.323300e-1
 3.266937e+1	1.293800e-1
 3.268638e+1	1.335300e-1
 3.270339e+1	1.327600e-1
 3.272040e+1	1.295600e-1
 3.273741e+1	1.332500e-1
 3.275442e+1	1.275700e-1
 3.277143e+1	1.266700e-1
 3.278844e+1	1.303300e-1
 3.280545e+1	1.251400e-1
 3.282246e+1	1.224000e-1
 3.283947e+1	1.240100e-1
 3.285648e+1	1.247600e-1
 3.287349e+1	1.197700e-1
 3.289050e+1	1.214900e-1
 3.290751e+1	1.145500e-1
 3.292452e+1	1.175500e-1
 3.294153e+1	1.185000e-1
 3.295854e+1	1.167000e-1
 3.297555e+1	1.159400e-1
 3.299256e+1	1.249000e-1
 3.300957e+1	1.138100e-1
 3.302658e+1	1.179600e-1
 3.304358e+1	1.207500e-1
 3.306059e+1	1.223200e-1
 3.307760e+1	1.204600e-1
 3.309461e+1	1.182600e-1
 3.311162e+1	1.212100e-1
 3.312863e+1	1.196300e-1
 3.314564e+1	1.216200e-1
 3.316265e+1	1.250200e-1
 3.317966e+1	1.180900e-1
 3.319667e+1	1.177300e-1
 3.321368e+1	1.174600e-1
 3.323069e+1	1.211100e-1
 3.324770e+1	1.176300e-1
 3.326471e+1	1.148100e-1
 3.328172e+1	1.182300e-1
 3.329873e+1	1.177500e-1
 3.331574e+1	1.165600e-1
 3.333275e+1	1.185700e-1
 3.334976e+1	1.139500e-1
 3.336677e+1	1.181000e-1
 3.338378e+1	1.120500e-1
 3.340079e+1	1.210700e-1
 3.341780e+1	1.134500e-1
 3.343481e+1	1.192900e-1
 3.345182e+1	1.172500e-1
 3.346883e+1	1.128900e-1
 3.348584e+1	1.181600e-1
 3.350285e+1	1.118100e-1
 3.351986e+1	1.114600e-1
 3.353687e+1	1.132500e-1
 3.355388e+1	1.161900e-1
 3.357089e+1	1.154800e-1
 3.358790e+1	1.118100e-1
 3.360491e+1	1.187500e-1
 3.362191e+1	1.143100e-1
 3.363892e+1	1.102300e-1
 3.365593e+1	1.141900e-1
 3.367294e+1	1.196400e-1
 3.368995e+1	1.139700e-1
 3.370696e+1	1.131900e-1
 3.372397e+1	1.139000e-1
 3.374098e+1	1.069500e-1
 3.375799e+1	1.171100e-1
 3.377500e+1	1.126500e-1
 3.379201e+1	1.108500e-1
 3.380902e+1	1.104900e-1
 3.382603e+1	1.105000e-1
 3.384304e+1	1.089100e-1
 3.386005e+1	1.041100e-1
 3.387706e+1	1.090100e-1
 3.389407e+1	1.071300e-1
 3.391108e+1	1.054900e-1
 3.392809e+1	1.101300e-1
 3.394510e+1	1.137000e-1
 3.396211e+1	1.040300e-1
 3.397912e+1	1.102700e-1
 3.399613e+1	1.071400e-1
 3.401314e+1	1.047400e-1
 3.403015e+1	1.078900e-1
 3.404716e+1	1.047400e-1
 3.406417e+1	1.060800e-1
 3.408118e+1	1.058600e-1
 3.409819e+1	1.098900e-1
 3.411520e+1	1.053200e-1
 3.413221e+1	1.061300e-1
 3.414922e+1	1.079500e-1
 3.416623e+1	1.088700e-1
 3.418323e+1	1.071300e-1
 3.420024e+1	1.087400e-1
 3.421725e+1	1.027100e-1
 3.423426e+1	1.110200e-1
 3.425127e+1	9.985000e-2
 3.426828e+1	1.021200e-1
 3.428529e+1	9.852800e-2
 3.430230e+1	1.011500e-1
 3.431931e+1	1.029200e-1
 3.433632e+1	1.026900e-1
 3.435333e+1	1.018800e-1
 3.437034e+1	9.760100e-2
 3.438735e+1	1.029200e-1
 3.440436e+1	9.795500e-2
 3.442137e+1	1.060400e-1
 3.443838e+1	1.005200e-1
 3.445539e+1	1.063800e-1
 3.447240e+1	1.047700e-1
 3.448941e+1	1.015100e-1
 3.450642e+1	1.010500e-1
 3.452343e+1	1.010400e-1
 3.454044e+1	1.005700e-1
 3.455745e+1	9.952600e-2
 3.457446e+1	1.007100e-1
 3.459147e+1	9.982000e-2
 3.460848e+1	9.980500e-2
 3.462549e+1	9.862200e-2
 3.464250e+1	9.909200e-2
 3.465951e+1	9.966200e-2
 3.467652e+1	9.726900e-2
 3.469353e+1	9.392400e-2
 3.471054e+1	1.009200e-1
 3.472755e+1	1.025100e-1
 3.474455e+1	9.634200e-2
 3.476156e+1	1.000900e-1
 3.477857e+1	9.675900e-2
 3.479558e+1	9.621300e-2
 3.481259e+1	9.846000e-2
 3.482960e+1	9.630200e-2
 3.484661e+1	1.007300e-1
 3.486362e+1	9.681900e-2
 3.488063e+1	1.052500e-1
 3.489764e+1	1.113200e-1
 3.491465e+1	9.847400e-2
 3.493166e+1	9.871900e-2
 3.494867e+1	9.869900e-2
 3.496568e+1	9.608900e-2
 3.498269e+1	9.673000e-2
 3.499970e+1	9.554200e-2
 3.501671e+1	9.761700e-2
 3.503372e+1	9.472600e-2
 3.505073e+1	8.782100e-2
 3.506774e+1	9.283500e-2
 3.508475e+1	8.755200e-2
 3.510176e+1	9.566000e-2
 3.511877e+1	9.674100e-2
 3.513578e+1	8.832100e-2
 3.515279e+1	9.174900e-2
 3.516980e+1	8.949700e-2
 3.518681e+1	9.512500e-2
 3.520382e+1	8.959900e-2
 3.522083e+1	9.672500e-2
 3.523784e+1	9.544800e-2
 3.525485e+1	9.751900e-2
 3.527186e+1	9.139400e-2
 3.528887e+1	8.939400e-2
 3.530588e+1	8.545300e-2
 3.532288e+1	8.572000e-2
 3.533989e+1	9.381600e-2
 3.535690e+1	8.979800e-2
 3.537391e+1	8.829600e-2
-----------------------------
xxxxxxxxxxxxxxxxxxxxxxxxxxxxxxxxxxxxxxxxxxxxxxxxxxxxxxxxxxxxxxxxxxxxxxxxxxxxxxxxxxxxxxxxxxxxxxxxxxxxxxxxxxxxxxxxxxxxxxxx