LXCat, www.lxcat.net
Generated on 28 Sep 2026. All rights reserved.

RECOMMENDED REFERENCE FORMAT
- UBC database, www.lxcat.net, retrieved on September 28, 2026.

xxxxxxxxxxxxxxxxxxxxxxxxxxxxxxxxxxxxxxxxxxxxxxxxxxxxxxxxxxxxxxxxxxxxxxxxxxxxxxxxxxxxxxxxxxxxxxxxxxxxxxxxxxxxxxxxxxxxxxxx
DATABASE:         UBC database
PERMLINK:         www.lxcat.net/UBC
DESCRIPTION:      The UBC database consists of Absolute Dipole (Optical) Oscillator Strengths as a function of Photon
                  Energy for 65 neutral atoms and molecules for photoabsorption in the vacuum UV and soft X-ray regions
                  of the electromagnetic spectrum. The data were obtained in both the discrete and continuum regions by
                  fast electron scattering using electron energy loss spectroscopy (EELS) at zero degrees scattering
                  angle. This method, known as Dipole (e,e) Spectroscopy, involves Bethe-Born conversion of the electron
                  scattering intensities and Sum-Rule normalization to give absolute scales. The technique utilizes the
                  virtual photon field created by a fast electron scattered in the forward direction (i.e. at negligible
                  momentum transfer). Under these conditions the electron energy loss is equivalent to the photon energy
                  and the method gives results entirely equivalent to those that could be obtained using continuum light
                  sources such as monochromated synchrotron radiation. It is important to note that our data do not
                  suffer from the linesaturation effects (linewidth-bandwidth interactions) which can cause large errors
                  in optically determined oscillator strengths for discrete transitions with narrow natural linewidths.
                  Our experimental methods, data processing and some corrections to earlier data are presented in the
                  following publications:
                  
                  (1) W.F. Chan, G. Cooper and C.E. Brion, Absolute Oscillator Strengths for the Electronic Excitation
                  of Atoms at High Resolution: Experimental Methods and Measurements for Helium. Phys. Rev. A 44,186-204
                  (1991).
                  
                  (2) W.F. Chan, G. Cooper, X. Guo, G.R. Burton and C.E. Brion, Absolute Oscillator Strengths for the
                  Electronic Excitation of Atoms at High Resolution. Part III: The Photoabsorption of Argon, Krypton and
                  Xenon. Phys. Rev. A 46, 149-171 (1992); 48, 858-860 (1993).
                  
                  (3) T.N. Olney, N.M. Cann, G. Cooper, and C.E. Brion. Absolute Scale Determination for Photoabsorption
                  Spectra and the Calculation of Molecular Properties using Dipole Sum-Rules. Chem.Physics, 223, 59-98
                  (1997) and references therein.
                  
                  Both  “low” ( typically 1.0 eV fwhm) and “high” ( typically 0.048 eV fwhm) resolution data are
                  tabulated and can be plotted. These data are derived from a series of measurements made by Professor
                  Chris Brion and his group at the University of British Columbia (UBC) between 1991 and 2002.
                  References to their publications for specific neutral species should be included in all publications
                  making use of these data. See the UBC database for specific references. Occasionally, the tabulated
                  values of oscillator strength are negative below and close to threshold for inelastic scattering. This
                  simply reflects the statistical accuracy of the data.
xxxxxxxxxxxxxxxxxxxxxxxxxxxxxxxxxxxxxxxxxxxxxxxxxxxxxxxxxxxxxxxxxxxxxxxxxxxxxxxxxxxxxxxxxxxxxxxxxxxxxxxxxxxxxxxxxxxxxxxx

************************************************************************************************************************

COMMENT: high resolution (48meV fwhm) valence shell data.

********************************************************** CO **********************************************************

SPECIES: e / CO
PROCESS: Oscillator strength
COMMENT: Carbon monoxide high resolution (48meV fwhm) valence shell data. Please note that the
COMMENT: original data from: Chem. Phys. 170 (1993) 123, have been re-normalized (decreased by
COMMENT: 2.5%) as discussed in the review: T.N. Olney, N. Cann, G. Cooper and C.E. Brion, Chem.
COMMENT: Phys. In press, late (1997).
UPDATED: 2013-09-21 17:06:19
COLUMNS: Energy (eV) | Oscillator strength (eV-1)
-----------------------------
 7.520085e+0	2.380000e-4
 7.532628e+0	1.360000e-4
 7.545170e+0	2.120000e-4
 7.557713e+0	8.000000e-5
 7.570255e+0	8.800000e-5
 7.582798e+0	1.910000e-4
 7.595340e+0	9.300000e-5
 7.607883e+0	-4.900000e-5
 7.620425e+0	1.340000e-4
 7.632967e+0	7.500000e-5
 7.645510e+0	-1.700000e-5
 7.658052e+0	2.210000e-4
 7.670595e+0	2.460000e-4
 7.683137e+0	3.520000e-4
 7.695680e+0	1.810000e-4
 7.708222e+0	2.840000e-4
 7.720765e+0	2.930000e-4
 7.733308e+0	1.980000e-4
 7.745850e+0	3.320000e-4
 7.758393e+0	2.540000e-4
 7.770935e+0	2.540000e-4
 7.783478e+0	4.180000e-4
 7.796020e+0	4.810000e-4
 7.808563e+0	4.590000e-4
 7.821105e+0	5.260000e-4
 7.833648e+0	4.570000e-4
 7.846190e+0	8.320000e-4
 7.858732e+0	1.007000e-3
 7.871275e+0	1.076000e-3
 7.883817e+0	1.270000e-3
 7.896360e+0	1.960000e-3
 7.908902e+0	2.518000e-3
 7.921445e+0	3.691000e-3
 7.933987e+0	5.566000e-3
 7.946530e+0	8.801000e-3
 7.959072e+0	1.487000e-2
 7.971615e+0	2.799200e-2
 7.984158e+0	6.046400e-2
 7.996700e+0	1.247360e-1
 8.009243e+0	2.115800e-1
 8.021785e+0	2.617380e-1
 8.034328e+0	2.406950e-1
 8.046870e+0	1.692860e-1
 8.059413e+0	9.609600e-2
 8.071955e+0	5.158000e-2
 8.084497e+0	2.753200e-2
 8.097040e+0	1.788700e-2
 8.109582e+0	1.574800e-2
 8.122125e+0	1.835000e-2
 8.134667e+0	2.435900e-2
 8.147210e+0	4.084700e-2
 8.159752e+0	8.176800e-2
 8.172295e+0	1.692950e-1
 8.184837e+0	3.280960e-1
 8.197380e+0	4.893550e-1
 8.209923e+0	5.279410e-1
 8.222465e+0	4.446500e-1
 8.235008e+0	2.886890e-1
 8.247550e+0	1.556140e-1
 8.260093e+0	8.090400e-2
 8.272635e+0	4.554200e-2
 8.285178e+0	2.952000e-2
 8.297720e+0	2.614600e-2
 8.310262e+0	2.818400e-2
 8.322805e+0	4.259500e-2
 8.335347e+0	7.587100e-2
 8.347890e+0	1.558060e-1
 8.360432e+0	3.163340e-1
 8.372975e+0	5.035930e-1
 8.385517e+0	5.939810e-1
 8.398060e+0	5.441070e-1
 8.410602e+0	3.928940e-1
 8.423145e+0	2.239270e-1
 8.435688e+0	1.155480e-1
 8.448230e+0	6.088000e-2
 8.460773e+0	3.755300e-2
 8.473315e+0	2.875300e-2
 8.485858e+0	2.894800e-2
 8.498400e+0	3.968300e-2
 8.510943e+0	6.874800e-2
 8.523485e+0	1.392930e-1
 8.536027e+0	2.767160e-1
 8.548570e+0	4.391430e-1
 8.561112e+0	5.215480e-1
 8.573655e+0	4.707970e-1
 8.586197e+0	3.233210e-1
 8.598740e+0	1.800440e-1
 8.611282e+0	9.259800e-2
 8.623825e+0	4.941900e-2
 8.636367e+0	3.123200e-2
 8.648910e+0	2.354700e-2
 8.661452e+0	2.580200e-2
 8.673995e+0	3.591900e-2
 8.686538e+0	6.505000e-2
 8.699080e+0	1.325990e-1
 8.711623e+0	2.425500e-1
 8.724165e+0	3.436680e-1
 8.736708e+0	3.640980e-1
 8.749250e+0	2.874920e-1
 8.761792e+0	1.796060e-1
 8.774335e+0	9.662500e-2
 8.786877e+0	5.061100e-2
 8.799420e+0	2.867700e-2
 8.811962e+0	1.974100e-2
 8.824505e+0	1.704600e-2
 8.837047e+0	2.127300e-2
 8.849590e+0	3.527700e-2
 8.862132e+0	6.832300e-2
 8.874675e+0	1.260510e-1
 8.887217e+0	1.936340e-1
 8.899760e+0	2.227310e-1
 8.912303e+0	1.882460e-1
 8.924845e+0	1.266170e-1
 8.937388e+0	6.954700e-2
 8.949930e+0	3.604400e-2
 8.962473e+0	1.981400e-2
 8.975015e+0	1.321800e-2
 8.987557e+0	1.141900e-2
 9.000100e+0	1.353700e-2
 9.012642e+0	2.186900e-2
 9.025185e+0	4.092100e-2
 9.037727e+0	7.464000e-2
 9.050270e+0	1.101150e-1
 9.062812e+0	1.234300e-1
 9.075355e+0	1.017490e-1
 9.087897e+0	6.658600e-2
 9.100440e+0	3.619200e-2
 9.112982e+0	1.885000e-2
 9.125525e+0	1.118300e-2
 9.138068e+0	7.119000e-3
 9.150610e+0	6.673000e-3
 9.163153e+0	8.975000e-3
 9.175695e+0	1.572500e-2
 9.188238e+0	2.838600e-2
 9.200780e+0	4.747200e-2
 9.213323e+0	6.372800e-2
 9.225865e+0	6.005800e-2
 9.238407e+0	4.447200e-2
 9.250950e+0	2.728100e-2
 9.263492e+0	1.451700e-2
 9.276035e+0	8.258000e-3
 9.288577e+0	5.090000e-3
 9.301120e+0	3.585000e-3
 9.313662e+0	5.207000e-3
 9.326205e+0	7.482000e-3
 9.338747e+0	1.324500e-2
 9.351290e+0	2.105500e-2
 9.363833e+0	2.965100e-2
 9.376375e+0	3.099100e-2
 9.388918e+0	2.467200e-2
 9.401460e+0	1.469400e-2
 9.414003e+0	8.030000e-3
 9.426545e+0	5.079000e-3
 9.439088e+0	3.008000e-3
 9.451630e+0	2.236000e-3
 9.464172e+0	2.393000e-3
 9.476715e+0	3.982000e-3
 9.489257e+0	6.691000e-3
 9.501800e+0	1.049600e-2
 9.514342e+0	1.489100e-2
 9.526885e+0	1.439200e-2
 9.539427e+0	1.168100e-2
 9.551970e+0	6.584000e-3
 9.564512e+0	4.146000e-3
 9.577055e+0	2.160000e-3
 9.589597e+0	1.104000e-3
 9.602140e+0	1.152000e-3
 9.614683e+0	1.115000e-3
 9.627225e+0	3.573000e-3
 9.639768e+0	3.487000e-3
 9.652310e+0	6.042000e-3
 9.664853e+0	7.001000e-3
 9.677395e+0	6.377000e-3
 9.689937e+0	4.086000e-3
 9.702480e+0	2.457000e-3
 9.715022e+0	1.180000e-3
 9.727565e+0	9.930000e-4
 9.740107e+0	7.760000e-4
 9.752650e+0	5.270000e-4
 9.765192e+0	9.870000e-4
 9.777735e+0	1.792000e-3
 9.790277e+0	2.724000e-3
 9.802820e+0	3.196000e-3
 9.815362e+0	2.721000e-3
 9.827905e+0	2.375000e-3
 9.840448e+0	1.593000e-3
 9.852990e+0	9.330000e-4
 9.865533e+0	3.810000e-4
 9.878075e+0	5.670000e-4
 9.890618e+0	2.950000e-4
 9.903160e+0	8.150000e-4
 9.915702e+0	9.890000e-4
 9.928245e+0	1.353000e-3
 9.940787e+0	1.617000e-3
 9.953330e+0	1.809000e-3
 9.965872e+0	1.050000e-3
 9.978415e+0	7.390000e-4
 9.990957e+0	3.610000e-4
 1.000350e+1	2.160000e-4
 1.001604e+1	2.600000e-4
 1.002859e+1	4.880000e-4
 1.004113e+1	5.290000e-4
 1.005367e+1	1.020000e-4
 1.006621e+1	5.480000e-4
 1.007876e+1	6.960000e-4
 1.009130e+1	5.770000e-4
 1.010384e+1	2.610000e-4
 1.011638e+1	4.890000e-4
 1.012893e+1	3.230000e-4
 1.014147e+1	5.560000e-4
 1.015401e+1	5.640000e-4
 1.016655e+1	5.450000e-4
 1.017910e+1	9.800000e-5
 1.019164e+1	4.890000e-4
 1.020418e+1	3.030000e-4
 1.021672e+1	8.090000e-4
 1.022927e+1	3.250000e-4
 1.024181e+1	1.100000e-4
 1.025435e+1	2.480000e-4
 1.026689e+1	4.100000e-5
 1.027944e+1	4.490000e-4
 1.029198e+1	3.220000e-4
 1.030452e+1	6.100000e-4
 1.031706e+1	4.580000e-4
 1.032961e+1	5.090000e-4
 1.034215e+1	1.460000e-4
 1.035469e+1	4.930000e-4
 1.036723e+1	9.820000e-4
 1.037978e+1	2.080000e-4
 1.039232e+1	4.050000e-4
 1.040486e+1	3.110000e-4
 1.041740e+1	1.670000e-4
 1.042995e+1	5.530000e-4
 1.044249e+1	3.130000e-4
 1.045503e+1	1.290000e-4
 1.046757e+1	-1.800000e-5
 1.048012e+1	5.000000e-5
 1.049266e+1	4.020000e-4
 1.050520e+1	4.390000e-4
 1.051774e+1	1.700000e-4
 1.053029e+1	-1.600000e-4
 1.054283e+1	3.800000e-4
 1.055537e+1	3.230000e-4
 1.056791e+1	3.740000e-4
 1.058046e+1	4.080000e-4
 1.059300e+1	5.660000e-4
 1.060554e+1	4.640000e-4
 1.061808e+1	6.710000e-4
 1.063063e+1	4.220000e-4
 1.064317e+1	7.690000e-4
 1.065571e+1	1.114000e-3
 1.066825e+1	1.808000e-3
 1.068080e+1	1.745000e-3
 1.069334e+1	3.219000e-3
 1.070588e+1	5.166000e-3
 1.071842e+1	8.717000e-3
 1.073097e+1	1.763200e-2
 1.074351e+1	3.722600e-2
 1.075605e+1	6.999100e-2
 1.076859e+1	1.056940e-1
 1.078114e+1	1.158870e-1
 1.079368e+1	9.454300e-2
 1.080622e+1	6.142900e-2
 1.081876e+1	3.513600e-2
 1.083131e+1	1.808900e-2
 1.084385e+1	1.019600e-2
 1.085639e+1	5.814000e-3
 1.086893e+1	3.725000e-3
 1.088148e+1	2.628000e-3
 1.089402e+1	2.049000e-3
 1.090656e+1	1.599000e-3
 1.091910e+1	1.201000e-3
 1.093165e+1	1.346000e-3
 1.094419e+1	1.447000e-3
 1.095673e+1	1.387000e-3
 1.096927e+1	2.107000e-3
 1.098182e+1	2.681000e-3
 1.099436e+1	4.451000e-3
 1.100690e+1	7.596000e-3
 1.101944e+1	1.435300e-2
 1.103199e+1	1.741400e-2
 1.104453e+1	1.696200e-2
 1.105707e+1	1.292000e-2
 1.106961e+1	8.573000e-3
 1.108216e+1	4.244000e-3
 1.109470e+1	2.742000e-3
 1.110724e+1	1.902000e-3
 1.111978e+1	2.006000e-3
 1.113233e+1	1.794000e-3
 1.114487e+1	2.079000e-3
 1.115741e+1	2.164000e-3
 1.116995e+1	2.603000e-3
 1.118250e+1	2.378000e-3
 1.119504e+1	3.083000e-3
 1.120758e+1	3.576000e-3
 1.122012e+1	4.544000e-3
 1.123267e+1	5.216000e-3
 1.124521e+1	7.182000e-3
 1.125775e+1	9.953000e-3
 1.127029e+1	1.433100e-2
 1.128284e+1	1.976000e-2
 1.129538e+1	2.796200e-2
 1.130792e+1	4.257700e-2
 1.132046e+1	6.843900e-2
 1.133301e+1	1.128360e-1
 1.134555e+1	2.162750e-1
 1.135809e+1	4.575450e-1
 1.137063e+1	9.142870e-1
 1.138318e+1	1.313665e+0
 1.139572e+1	1.545639e+0
 1.140826e+1	1.445270e+0
 1.142080e+1	1.130644e+0
 1.143335e+1	7.781890e-1
 1.144589e+1	4.451340e-1
 1.145843e+1	2.648610e-1
 1.147097e+1	2.184580e-1
 1.148352e+1	2.893190e-1
 1.149606e+1	5.174660e-1
 1.150860e+1	8.375440e-1
 1.152114e+1	1.010548e+0
 1.153369e+1	9.458870e-1
 1.154623e+1	6.893830e-1
 1.155877e+1	4.096160e-1
 1.157131e+1	2.133240e-1
 1.158386e+1	1.117500e-1
 1.159640e+1	6.121400e-2
 1.160894e+1	3.954900e-2
 1.162148e+1	3.334600e-2
 1.163403e+1	3.814900e-2
 1.164657e+1	5.269700e-2
 1.165911e+1	6.499200e-2
 1.167165e+1	6.216900e-2
 1.168420e+1	4.818200e-2
 1.169674e+1	3.139700e-2
 1.170928e+1	1.802400e-2
 1.172182e+1	1.251100e-2
 1.173437e+1	1.167000e-2
 1.174691e+1	1.495200e-2
 1.175945e+1	2.641000e-2
 1.177199e+1	4.399600e-2
 1.178454e+1	5.914500e-2
 1.179708e+1	6.026700e-2
 1.180962e+1	4.622000e-2
 1.182216e+1	2.778800e-2
 1.183471e+1	1.512500e-2
 1.184725e+1	7.609000e-3
 1.185979e+1	3.824000e-3
 1.187233e+1	2.321000e-3
 1.188488e+1	1.727000e-3
 1.189742e+1	1.558000e-3
 1.190996e+1	1.233000e-3
 1.192250e+1	9.980000e-4
 1.193505e+1	1.070000e-3
 1.194759e+1	1.172000e-3
 1.196013e+1	9.090000e-4
 1.197267e+1	4.000000e-4
 1.198522e+1	3.590000e-4
 1.199776e+1	6.970000e-4
 1.201030e+1	6.390000e-4
 1.202284e+1	8.390000e-4
 1.203539e+1	1.003000e-3
 1.204793e+1	1.182000e-3
 1.206047e+1	1.609000e-3
 1.207301e+1	8.400000e-4
 1.208556e+1	9.170000e-4
 1.209810e+1	7.180000e-4
 1.211064e+1	5.680000e-4
 1.212318e+1	3.440000e-4
 1.213573e+1	6.560000e-4
 1.214827e+1	1.073000e-3
 1.216081e+1	1.359000e-3
 1.217335e+1	1.666000e-3
 1.218590e+1	1.583000e-3
 1.219844e+1	1.925000e-3
 1.221098e+1	1.594000e-3
 1.222352e+1	1.631000e-3
 1.223607e+1	2.564000e-3
 1.224861e+1	2.997000e-3
 1.226115e+1	3.739000e-3
 1.227369e+1	5.805000e-3
 1.228624e+1	7.140000e-3
 1.229878e+1	1.137000e-2
 1.231132e+1	1.816300e-2
 1.232386e+1	3.415300e-2
 1.233641e+1	6.450500e-2
 1.234895e+1	1.107900e-1
 1.236149e+1	1.427270e-1
 1.237403e+1	1.400880e-1
 1.238658e+1	1.054570e-1
 1.239912e+1	6.855300e-2
 1.241166e+1	4.279800e-2
 1.242420e+1	3.218000e-2
 1.243675e+1	2.931300e-2
 1.244929e+1	3.042100e-2
 1.246183e+1	2.909100e-2
 1.247437e+1	2.834200e-2
 1.248692e+1	2.782500e-2
 1.249946e+1	3.324700e-2
 1.251200e+1	4.402500e-2
 1.252454e+1	6.491200e-2
 1.253709e+1	1.010180e-1
 1.254963e+1	1.740800e-1
 1.256217e+1	2.780940e-1
 1.257471e+1	3.511480e-1
 1.258726e+1	3.465730e-1
 1.259980e+1	2.629890e-1
 1.261234e+1	1.718340e-1
 1.262488e+1	1.001600e-1
 1.263743e+1	6.090800e-2
 1.264997e+1	4.908500e-2
 1.266251e+1	4.826300e-2
 1.267505e+1	5.731100e-2
 1.268760e+1	7.236500e-2
 1.270014e+1	1.020230e-1
 1.271268e+1	1.670030e-1
 1.272522e+1	2.805430e-1
 1.273777e+1	4.060460e-1
 1.275031e+1	5.507280e-1
 1.276285e+1	7.194560e-1
 1.277539e+1	8.632810e-1
 1.278794e+1	9.127070e-1
 1.280048e+1	8.063190e-1
 1.281302e+1	6.000450e-1
 1.282556e+1	3.930040e-1
 1.283811e+1	2.440470e-1
 1.285065e+1	1.625550e-1
 1.286319e+1	1.131640e-1
 1.287573e+1	8.340100e-2
 1.288828e+1	6.770000e-2
 1.290082e+1	6.404100e-2
 1.291336e+1	7.640600e-2
 1.292590e+1	1.100960e-1
 1.293845e+1	1.773140e-1
 1.295099e+1	2.577920e-1
 1.296353e+1	3.129550e-1
 1.297607e+1	2.705690e-1
 1.298862e+1	2.146670e-1
 1.300116e+1	1.869770e-1
 1.301370e+1	2.173520e-1
 1.302624e+1	2.955470e-1
 1.303879e+1	3.823280e-1
 1.305133e+1	4.170590e-1
 1.306387e+1	3.933600e-1
 1.307641e+1	3.385720e-1
 1.308896e+1	2.941220e-1
 1.310150e+1	2.630890e-1
 1.311404e+1	2.453990e-1
 1.312658e+1	2.597740e-1
 1.313913e+1	3.599240e-1
 1.315167e+1	5.682170e-1
 1.316421e+1	8.102830e-1
 1.317675e+1	9.390370e-1
 1.318930e+1	9.000590e-1
 1.320184e+1	7.071550e-1
 1.321438e+1	5.012180e-1
 1.322692e+1	3.550840e-1
 1.323947e+1	3.013370e-1
 1.325201e+1	3.336400e-1
 1.326455e+1	4.606960e-1
 1.327709e+1	6.558740e-1
 1.328964e+1	8.142370e-1
 1.330218e+1	8.469230e-1
 1.331472e+1	7.644810e-1
 1.332726e+1	6.269590e-1
 1.333981e+1	5.042050e-1
 1.335235e+1	4.221470e-1
 1.336489e+1	3.987200e-1
 1.337743e+1	4.303570e-1
 1.338998e+1	4.598100e-1
 1.340252e+1	4.328320e-1
 1.341506e+1	3.771400e-1
 1.342760e+1	3.140320e-1
 1.344015e+1	2.749620e-1
 1.345269e+1	2.600210e-1
 1.346523e+1	2.943140e-1
 1.347777e+1	3.779070e-1
 1.349032e+1	5.022140e-1
 1.350286e+1	6.205490e-1
 1.351540e+1	6.897930e-1
 1.352794e+1	6.945610e-1
 1.354049e+1	7.100040e-1
 1.355303e+1	7.605550e-1
 1.356557e+1	7.992780e-1
 1.357811e+1	7.789020e-1
 1.359066e+1	6.127030e-1
 1.360320e+1	4.935650e-1
 1.361574e+1	4.523490e-1
 1.362828e+1	4.751900e-1
 1.364083e+1	5.228450e-1
 1.365337e+1	5.609750e-1
 1.366591e+1	5.971770e-1
 1.367845e+1	6.295620e-1
 1.369100e+1	6.211510e-1
 1.370354e+1	5.699070e-1
 1.371608e+1	4.861860e-1
 1.372862e+1	4.149950e-1
 1.374117e+1	3.660260e-1
 1.375371e+1	3.319330e-1
 1.376625e+1	3.113470e-1
 1.377879e+1	3.105710e-1
 1.379134e+1	3.348820e-1
 1.380388e+1	3.915060e-1
 1.381642e+1	4.478560e-1
 1.382896e+1	4.503860e-1
 1.384151e+1	4.263660e-1
 1.385405e+1	3.928390e-1
 1.386659e+1	3.773590e-1
 1.387913e+1	3.941000e-1
 1.389168e+1	4.431060e-1
 1.390422e+1	5.030360e-1
 1.391676e+1	5.434480e-1
 1.392930e+1	5.610480e-1
 1.394185e+1	5.300600e-1
 1.395439e+1	4.845790e-1
 1.396693e+1	4.230690e-1
 1.397947e+1	3.778150e-1
 1.399202e+1	3.543440e-1
 1.400456e+1	3.486450e-1
 1.401710e+1	3.441700e-1
 1.402964e+1	3.518700e-1
 1.404219e+1	3.861820e-1
 1.405473e+1	4.208310e-1
 1.406727e+1	4.415270e-1
 1.407981e+1	4.391430e-1
 1.409236e+1	4.111970e-1
 1.410490e+1	3.759890e-1
 1.411744e+1	3.282700e-1
 1.412998e+1	3.000590e-1
 1.414253e+1	2.728160e-1
 1.415507e+1	2.553360e-1
 1.416761e+1	2.473810e-1
 1.418015e+1	2.559750e-1
 1.419270e+1	2.805790e-1
 1.420524e+1	3.091820e-1
 1.421778e+1	3.377960e-1
 1.423032e+1	3.525540e-1
 1.424287e+1	3.516230e-1
 1.425541e+1	3.344260e-1
 1.426795e+1	3.262430e-1
 1.428049e+1	3.289010e-1
 1.429304e+1	3.388740e-1
 1.430558e+1	3.467090e-1
 1.431812e+1	3.425260e-1
 1.433066e+1	3.360600e-1
 1.434321e+1	3.275670e-1
 1.435575e+1	3.199040e-1
 1.436829e+1	3.087070e-1
 1.438083e+1	2.987900e-1
 1.439338e+1	2.828710e-1
 1.440592e+1	2.658830e-1
 1.441846e+1	2.476000e-1
 1.443100e+1	2.387870e-1
 1.444355e+1	2.259910e-1
 1.445609e+1	2.233890e-1
 1.446863e+1	2.232790e-1
 1.448117e+1	2.267680e-1
 1.449372e+1	2.289330e-1
 1.450626e+1	2.336810e-1
 1.451880e+1	2.335260e-1
 1.453134e+1	2.394800e-1
 1.454389e+1	2.457280e-1
 1.455643e+1	2.536370e-1
 1.456897e+1	2.667150e-1
 1.458151e+1	2.700030e-1
 1.459406e+1	2.736460e-1
 1.460660e+1	2.751630e-1
 1.461914e+1	2.680300e-1
 1.463168e+1	2.539480e-1
 1.464423e+1	2.307860e-1
 1.465677e+1	2.160740e-1
 1.466931e+1	2.058630e-1
 1.468185e+1	1.986660e-1
 1.469440e+1	1.930400e-1
 1.470694e+1	1.834600e-1
 1.471948e+1	1.759890e-1
 1.473202e+1	1.692490e-1
 1.474457e+1	1.660890e-1
 1.475711e+1	1.698800e-1
 1.476965e+1	1.831040e-1
 1.478219e+1	2.055890e-1
 1.479474e+1	2.224940e-1
 1.480728e+1	2.415170e-1
 1.481982e+1	2.494640e-1
 1.483236e+1	2.425590e-1
 1.484491e+1	2.212250e-1
 1.485745e+1	2.001550e-1
 1.486999e+1	1.865290e-1
 1.488253e+1	1.814060e-1
 1.489508e+1	1.799260e-1
 1.490762e+1	1.784650e-1
 1.492016e+1	1.798250e-1
 1.493270e+1	1.854880e-1
 1.494525e+1	1.997890e-1
 1.495779e+1	2.204480e-1
 1.497033e+1	2.387320e-1
 1.498287e+1	2.503950e-1
 1.499542e+1	2.523210e-1
 1.500796e+1	2.462660e-1
 1.502050e+1	2.393530e-1
 1.503304e+1	2.290690e-1
 1.504559e+1	2.191690e-1
 1.505813e+1	1.964380e-1
 1.507067e+1	1.782090e-1
 1.508321e+1	1.692590e-1
 1.509576e+1	1.744460e-1
 1.510830e+1	1.892500e-1
 1.512084e+1	2.072420e-1
 1.513338e+1	2.349960e-1
 1.514593e+1	2.708890e-1
 1.515847e+1	3.038580e-1
 1.517101e+1	3.117040e-1
 1.518355e+1	2.954840e-1
 1.519610e+1	2.722220e-1
 1.520864e+1	2.638750e-1
 1.522118e+1	2.520200e-1
 1.523372e+1	2.291240e-1
 1.524627e+1	2.017170e-1
 1.525881e+1	1.756700e-1
 1.527135e+1	1.672040e-1
 1.528389e+1	1.709660e-1
 1.529644e+1	1.834970e-1
 1.530898e+1	1.964380e-1
 1.532152e+1	2.243030e-1
 1.533406e+1	2.695550e-1
 1.534661e+1	3.129910e-1
 1.535915e+1	3.507830e-1
 1.537169e+1	3.525180e-1
 1.538423e+1	3.157030e-1
 1.539678e+1	2.696560e-1
 1.540932e+1	2.233340e-1
 1.542186e+1	1.813780e-1
 1.543440e+1	1.570390e-1
 1.544695e+1	1.454950e-1
 1.545949e+1	1.544820e-1
 1.547203e+1	1.666470e-1
 1.548457e+1	1.808020e-1
 1.549712e+1	2.010600e-1
 1.550966e+1	2.347320e-1
 1.552220e+1	2.746330e-1
 1.553474e+1	3.107720e-1
 1.554729e+1	3.241880e-1
 1.555983e+1	3.061690e-1
 1.557237e+1	2.591620e-1
 1.558491e+1	2.146580e-1
 1.559746e+1	1.808210e-1
 1.561000e+1	1.605740e-1
 1.562254e+1	1.542900e-1
 1.563508e+1	1.635500e-1
 1.564763e+1	1.806840e-1
 1.566017e+1	2.016350e-1
 1.567271e+1	2.278270e-1
 1.568525e+1	2.396180e-1
 1.569780e+1	2.760580e-1
 1.571034e+1	2.804320e-1
 1.572288e+1	2.715740e-1
 1.573542e+1	2.403580e-1
 1.574797e+1	1.982460e-1
 1.576051e+1	1.679070e-1
 1.577305e+1	1.512400e-1
 1.578559e+1	1.507930e-1
 1.579814e+1	1.651850e-1
 1.581068e+1	1.914330e-1
 1.582322e+1	2.256350e-1
 1.583576e+1	2.598750e-1
 1.584831e+1	2.780210e-1
 1.586085e+1	2.672540e-1
 1.587339e+1	2.502300e-1
 1.588593e+1	2.291880e-1
 1.589848e+1	2.142560e-1
 1.591102e+1	1.875610e-1
 1.592356e+1	1.654050e-1
 1.593610e+1	1.570480e-1
 1.594865e+1	1.583090e-1
 1.596119e+1	1.746280e-1
 1.597373e+1	2.035530e-1
 1.598627e+1	2.216540e-1
 1.599882e+1	2.313070e-1
 1.601136e+1	2.461390e-1
 1.602390e+1	2.478280e-1
 1.603644e+1	2.494360e-1
 1.604899e+1	2.318640e-1
 1.606153e+1	2.148320e-1
 1.607407e+1	1.918710e-1
 1.608661e+1	1.673310e-1
 1.609916e+1	1.558330e-1
 1.611170e+1	1.541250e-1
 1.612424e+1	1.649300e-1
 1.613678e+1	1.798980e-1
 1.614933e+1	2.026300e-1
 1.616187e+1	2.201100e-1
 1.617441e+1	2.229230e-1
 1.618695e+1	2.266220e-1
 1.619950e+1	2.383760e-1
 1.621204e+1	2.521490e-1
 1.622458e+1	2.588240e-1
 1.623712e+1	2.508880e-1
 1.624967e+1	2.211510e-1
 1.626221e+1	1.960360e-1
 1.627475e+1	1.717340e-1
 1.628729e+1	1.617790e-1
 1.629984e+1	1.684090e-1
 1.631238e+1	1.831590e-1
 1.632492e+1	2.061460e-1
 1.633746e+1	2.269870e-1
 1.635001e+1	2.385410e-1
 1.636255e+1	2.544770e-1
 1.637509e+1	2.588330e-1
 1.638763e+1	2.591800e-1
 1.640018e+1	2.518830e-1
 1.641272e+1	2.457000e-1
 1.642526e+1	2.240100e-1
 1.643780e+1	2.158180e-1
 1.645035e+1	2.025110e-1
 1.646289e+1	2.002830e-1
 1.647543e+1	1.998450e-1
 1.648797e+1	2.024660e-1
 1.650052e+1	2.123560e-1
 1.651306e+1	2.250060e-1
 1.652560e+1	2.410610e-1
 1.653814e+1	2.582120e-1
 1.655069e+1	2.573810e-1
 1.656323e+1	2.541300e-1
 1.657577e+1	2.508610e-1
 1.658831e+1	2.470430e-1
 1.660086e+1	2.345490e-1
 1.661340e+1	2.246130e-1
 1.662594e+1	2.185940e-1
 1.663848e+1	2.102930e-1
 1.665103e+1	2.041740e-1
 1.666357e+1	2.048490e-1
 1.667611e+1	2.115170e-1
 1.668865e+1	2.277640e-1
 1.670120e+1	2.476000e-1
 1.671374e+1	2.595190e-1
 1.672628e+1	2.606880e-1
 1.673882e+1	2.491440e-1
 1.675137e+1	2.409520e-1
 1.676391e+1	2.294250e-1
 1.677645e+1	2.186040e-1
 1.678899e+1	2.155530e-1
 1.680154e+1	2.111780e-1
 1.681408e+1	2.193970e-1
 1.682662e+1	2.188410e-1
 1.683916e+1	2.176170e-1
 1.685171e+1	2.186670e-1
 1.686425e+1	2.257000e-1
 1.687679e+1	2.379370e-1
 1.688933e+1	2.474440e-1
 1.690188e+1	2.442020e-1
 1.691442e+1	2.412800e-1
 1.692696e+1	2.327690e-1
 1.693950e+1	2.217270e-1
 1.695205e+1	2.124850e-1
 1.696459e+1	2.110050e-1
 1.697713e+1	2.083840e-1
 1.698967e+1	2.116530e-1
 1.700222e+1	2.169320e-1
 1.701476e+1	2.199640e-1
 1.702730e+1	2.293890e-1
 1.703984e+1	2.465590e-1
 1.705239e+1	2.800400e-1
 1.706493e+1	3.195760e-1
 1.707747e+1	3.560250e-1
 1.709001e+1	3.736240e-1
 1.710256e+1	3.502530e-1
 1.711510e+1	3.284720e-1
 1.712764e+1	2.942690e-1
 1.714018e+1	2.842410e-1
 1.715273e+1	2.820580e-1
 1.716527e+1	2.837930e-1
 1.717781e+1	2.875280e-1
 1.719035e+1	2.913470e-1
 1.720290e+1	2.939590e-1
 1.721544e+1	2.894460e-1
 1.722798e+1	2.827160e-1
 1.724052e+1	2.747060e-1
 1.725307e+1	2.656830e-1
 1.726561e+1	2.693000e-1
 1.727815e+1	2.633360e-1
 1.729069e+1	2.750160e-1
 1.730324e+1	2.814550e-1
 1.731578e+1	2.822140e-1
 1.732832e+1	2.768710e-1
 1.734086e+1	2.717380e-1
 1.735341e+1	2.631620e-1
 1.736595e+1	2.592080e-1
 1.737849e+1	2.566600e-1
 1.739103e+1	2.562210e-1
 1.740358e+1	2.583040e-1
 1.741612e+1	2.553630e-1
 1.742866e+1	2.413440e-1
 1.744120e+1	2.373160e-1
 1.745375e+1	2.332790e-1
 1.746629e+1	2.250420e-1
 1.747883e+1	2.309690e-1
 1.749137e+1	2.266580e-1
 1.750392e+1	2.319470e-1
 1.751646e+1	2.321380e-1
 1.752900e+1	2.318740e-1
 1.754154e+1	2.297550e-1
 1.755409e+1	2.280010e-1
 1.756663e+1	2.287220e-1
 1.757917e+1	2.241560e-1
 1.759171e+1	2.280190e-1
 1.760426e+1	2.193340e-1
 1.761680e+1	2.162010e-1
 1.762934e+1	2.143020e-1
 1.764188e+1	2.165400e-1
 1.765443e+1	2.126580e-1
 1.766697e+1	2.132880e-1
 1.767951e+1	2.162370e-1
 1.769205e+1	2.161470e-1
 1.770460e+1	2.101010e-1
 1.771714e+1	2.101640e-1
 1.772968e+1	2.103200e-1
 1.774222e+1	2.071880e-1
 1.775477e+1	2.057350e-1
 1.776731e+1	2.088040e-1
 1.777985e+1	2.046030e-1
 1.779239e+1	2.040730e-1
 1.780494e+1	2.078450e-1
 1.781748e+1	2.076980e-1
 1.783002e+1	2.052970e-1
 1.784256e+1	2.068130e-1
 1.785511e+1	2.038170e-1
 1.786765e+1	2.013240e-1
 1.788019e+1	2.010310e-1
 1.789273e+1	2.078540e-1
 1.790528e+1	2.094520e-1
 1.791782e+1	2.119370e-1
 1.793036e+1	2.199910e-1
 1.794290e+1	2.173160e-1
 1.795545e+1	2.140640e-1
 1.796799e+1	2.117080e-1
 1.798053e+1	2.043470e-1
 1.799307e+1	2.036800e-1
 1.800562e+1	1.995880e-1
 1.801816e+1	2.042010e-1
 1.803070e+1	1.993600e-1
 1.804324e+1	1.970680e-1
 1.805579e+1	1.961100e-1
 1.806833e+1	1.969950e-1
 1.808087e+1	2.027940e-1
 1.809341e+1	1.976890e-1
 1.810596e+1	2.020450e-1
 1.811850e+1	2.054710e-1
 1.813104e+1	2.027120e-1
 1.814358e+1	2.096620e-1
 1.815613e+1	2.135250e-1
 1.816867e+1	2.189410e-1
 1.818121e+1	2.114710e-1
 1.819375e+1	2.135070e-1
 1.820630e+1	2.033610e-1
 1.821884e+1	2.020370e-1
 1.823138e+1	1.894970e-1
 1.824392e+1	1.855790e-1
 1.825647e+1	1.813410e-1
 1.826901e+1	1.805650e-1
 1.828155e+1	1.799440e-1
 1.829409e+1	1.799440e-1
 1.830664e+1	1.864010e-1
 1.831918e+1	1.826200e-1
 1.833172e+1	1.909760e-1
 1.834426e+1	1.944740e-1
 1.835681e+1	1.977620e-1
 1.836935e+1	1.946480e-1
 1.838189e+1	1.925380e-1
 1.839443e+1	1.969490e-1
 1.840698e+1	2.039270e-1
 1.841952e+1	2.144840e-1
 1.843206e+1	2.179830e-1
 1.844460e+1	2.171610e-1
 1.845715e+1	2.186040e-1
 1.846969e+1	2.182110e-1
 1.848223e+1	2.248870e-1
 1.849477e+1	2.213440e-1
 1.850732e+1	2.246040e-1
 1.851986e+1	2.043020e-1
 1.853240e+1	1.952050e-1
 1.854494e+1	1.944930e-1
 1.855749e+1	1.860720e-1
 1.857003e+1	1.906290e-1
 1.858257e+1	1.882000e-1
 1.859511e+1	1.936890e-1
 1.860766e+1	1.912690e-1
 1.862020e+1	1.895600e-1
 1.863274e+1	2.004560e-1
 1.864528e+1	1.987760e-1
 1.865783e+1	2.060550e-1
 1.867037e+1	2.080830e-1
 1.868291e+1	2.115900e-1
 1.869545e+1	2.048580e-1
 1.870800e+1	2.011230e-1
 1.872054e+1	1.964110e-1
 1.873308e+1	1.901370e-1
 1.874562e+1	1.944370e-1
 1.875817e+1	1.906750e-1
 1.877071e+1	1.921280e-1
 1.878325e+1	1.907300e-1
 1.879579e+1	1.894430e-1
 1.880834e+1	1.940180e-1
 1.882088e+1	1.971410e-1
 1.883342e+1	1.990500e-1
 1.884596e+1	1.942920e-1
 1.885851e+1	1.914610e-1
 1.887105e+1	1.863920e-1
 1.888359e+1	1.824100e-1
 1.889613e+1	1.872410e-1
 1.890868e+1	1.909400e-1
 1.892122e+1	1.890220e-1
 1.893376e+1	2.004290e-1
 1.894630e+1	2.059540e-1
 1.895885e+1	2.060730e-1
 1.897139e+1	2.056900e-1
 1.898393e+1	1.941730e-1
 1.899647e+1	1.940450e-1
 1.900902e+1	1.884010e-1
 1.902156e+1	1.911410e-1
 1.903410e+1	1.862370e-1
 1.904664e+1	1.832410e-1
 1.905919e+1	1.884010e-1
 1.907173e+1	1.798800e-1
 1.908427e+1	1.819160e-1
 1.909681e+1	1.858160e-1
 1.910936e+1	1.876520e-1
 1.912190e+1	1.903100e-1
 1.913444e+1	1.931960e-1
 1.914698e+1	1.946940e-1
 1.915953e+1	1.959910e-1
 1.917207e+1	1.954330e-1
 1.918461e+1	1.929220e-1
 1.919715e+1	1.979270e-1
 1.920970e+1	1.907210e-1
 1.922224e+1	1.915800e-1
 1.923478e+1	1.886110e-1
 1.924732e+1	1.839720e-1
 1.925987e+1	1.861910e-1
 1.927241e+1	1.876800e-1
 1.928495e+1	1.838620e-1
 1.929749e+1	1.929940e-1
 1.931004e+1	1.884370e-1
 1.932258e+1	1.890770e-1
 1.933512e+1	1.916620e-1
 1.934766e+1	1.962460e-1
 1.936021e+1	1.923920e-1
 1.937275e+1	1.836160e-1
 1.938529e+1	1.903740e-1
 1.939783e+1	1.907850e-1
 1.941038e+1	1.912600e-1
 1.942292e+1	1.899450e-1
 1.943546e+1	1.936250e-1
 1.944800e+1	1.872590e-1
 1.946055e+1	1.890950e-1
 1.947309e+1	1.911500e-1
 1.948563e+1	1.917980e-1
 1.949817e+1	1.928120e-1
 1.951072e+1	1.922640e-1
 1.952326e+1	1.839070e-1
 1.953580e+1	1.899900e-1
 1.954834e+1	1.947940e-1
 1.956089e+1	1.898800e-1
 1.957343e+1	1.896160e-1
 1.958597e+1	1.944660e-1
 1.959851e+1	1.917620e-1
 1.961106e+1	1.943930e-1
 1.962360e+1	1.890220e-1
 1.963614e+1	1.948850e-1
 1.964868e+1	1.935060e-1
 1.966123e+1	1.915070e-1
 1.967377e+1	1.942740e-1
 1.968631e+1	1.969040e-1
 1.969885e+1	1.940080e-1
 1.971140e+1	1.956800e-1
 1.972394e+1	1.900540e-1
 1.973648e+1	1.891040e-1
 1.974902e+1	1.911590e-1
 1.976157e+1	1.929940e-1
 1.977411e+1	1.933690e-1
 1.978665e+1	1.920720e-1
 1.979919e+1	1.951690e-1
 1.981174e+1	1.911220e-1
 1.982428e+1	1.934700e-1
 1.983682e+1	1.970770e-1
 1.984936e+1	1.945020e-1
 1.986191e+1	1.989310e-1
 1.987445e+1	1.939630e-1
 1.988699e+1	1.908120e-1
 1.989953e+1	1.938810e-1
 1.991208e+1	1.934700e-1
 1.992462e+1	1.946020e-1
 1.993716e+1	1.924190e-1
 1.994970e+1	1.933240e-1
 1.996225e+1	1.912600e-1
 1.997479e+1	1.902550e-1
 1.998733e+1	1.954970e-1
 1.999987e+1	1.980550e-1
 2.001242e+1	1.977620e-1
 2.002496e+1	1.948950e-1
 2.003750e+1	1.916430e-1
 2.005004e+1	1.948760e-1
 2.006259e+1	1.942820e-1
 2.007513e+1	1.990960e-1
 2.008767e+1	1.977980e-1
 2.010021e+1	1.966390e-1
 2.011276e+1	1.975160e-1
 2.012530e+1	1.939720e-1
 2.013784e+1	1.970490e-1
 2.015038e+1	1.997350e-1
 2.016293e+1	1.962100e-1
 2.017547e+1	1.967310e-1
 2.018801e+1	1.946940e-1
 2.020055e+1	1.962100e-1
 2.021310e+1	1.967580e-1
 2.022564e+1	1.964570e-1
 2.023818e+1	1.947400e-1
 2.025072e+1	2.023560e-1
 2.026327e+1	1.953970e-1
 2.027581e+1	1.992870e-1
 2.028835e+1	1.955160e-1
 2.030089e+1	1.940730e-1
 2.050000e+1	1.978830e-1
 2.100000e+1	1.967780e-1
 2.150000e+1	1.964740e-1
 2.200000e+1	1.972060e-1
 2.250000e+1	1.925630e-1
 2.300000e+1	1.930230e-1
 2.350000e+1	1.910390e-1
 2.400000e+1	1.899290e-1
 2.450000e+1	1.874740e-1
 2.500000e+1	1.855120e-1
 2.550000e+1	1.859790e-1
 2.600000e+1	1.887140e-1
 2.650000e+1	1.862600e-1
 2.700000e+1	1.824970e-1
 2.750000e+1	1.813310e-1
 2.800000e+1	1.767100e-1
 2.850000e+1	1.722730e-1
 2.900000e+1	1.654690e-1
 2.950000e+1	1.638420e-1
 3.000000e+1	1.579670e-1
 3.050000e+1	1.536110e-1
 3.100000e+1	1.509660e-1
 3.150000e+1	1.471670e-1
 3.200000e+1	1.413280e-1
 3.250000e+1	1.368080e-1
 3.300000e+1	1.320880e-1
 3.350000e+1	1.327390e-1
 3.400000e+1	1.311700e-1
 3.450000e+1	1.294420e-1
 3.500000e+1	1.247580e-1
 3.550000e+1	1.248200e-1
 3.600000e+1	1.234000e-1
 3.650000e+1	1.215690e-1
 3.700000e+1	1.172550e-1
 3.750000e+1	1.154010e-1
 3.800000e+1	1.151580e-1
 3.850000e+1	1.104300e-1
 3.900000e+1	1.097580e-1
 3.950000e+1	1.077350e-1
 4.000000e+1	1.073480e-1
 4.050000e+1	1.063390e-1
 4.100000e+1	1.041950e-1
 4.150000e+1	1.037470e-1
 4.200000e+1	1.004830e-1
 4.250000e+1	9.853800e-2
 4.300000e+1	1.006760e-1
 4.350000e+1	9.636400e-2
 4.400000e+1	9.589000e-2
 4.450000e+1	9.635600e-2
 4.500000e+1	9.380900e-2
 4.550000e+1	9.578500e-2
 4.600000e+1	9.159800e-2
 4.650000e+1	9.078900e-2
 4.700000e+1	9.011500e-2
 4.750000e+1	8.787900e-2
 4.800000e+1	8.900000e-2
 4.850000e+1	8.715600e-2
 4.900000e+1	8.781300e-2
 4.950000e+1	8.617200e-2
 5.000000e+1	8.412300e-2
 5.100000e+1	8.207100e-2
 5.200000e+1	7.961300e-2
 5.300000e+1	7.559000e-2
 5.400000e+1	7.372300e-2
 5.500000e+1	7.139000e-2
 5.600000e+1	6.824700e-2
 5.700000e+1	6.675800e-2
 5.800000e+1	6.394800e-2
 5.900000e+1	6.236700e-2
 6.000000e+1	5.916200e-2
 6.100000e+1	5.735400e-2
 6.200000e+1	5.551500e-2
 6.300000e+1	5.375200e-2
 6.400000e+1	5.227700e-2
 6.500000e+1	4.987300e-2
 6.600000e+1	4.752600e-2
 6.700000e+1	4.637100e-2
 6.800000e+1	4.514400e-2
 6.900000e+1	4.427800e-2
 7.000000e+1	4.245700e-2
 7.100000e+1	4.140500e-2
 7.200000e+1	4.001600e-2
 7.300000e+1	3.932200e-2
 7.400000e+1	3.806700e-2
 7.500000e+1	3.717500e-2
 7.600000e+1	3.616800e-2
 7.700000e+1	3.566900e-2
 7.800000e+1	3.372100e-2
 7.900000e+1	3.284400e-2
 8.000000e+1	3.252400e-2
 8.100000e+1	3.191300e-2
 8.200000e+1	3.056300e-2
 8.300000e+1	2.971500e-2
 8.400000e+1	2.957100e-2
 8.500000e+1	2.779000e-2
 8.600000e+1	2.749400e-2
 8.700000e+1	2.724200e-2
 8.800000e+1	2.681000e-2
 8.900000e+1	2.568000e-2
 9.000000e+1	2.514200e-2
 9.100000e+1	2.399700e-2
 9.200000e+1	2.447300e-2
 9.300000e+1	2.310800e-2
 9.400000e+1	2.286500e-2
 9.600000e+1	2.226600e-2
 9.800000e+1	2.099400e-2
 1.000000e+2	2.051100e-2
 1.020000e+2	1.931500e-2
 1.040000e+2	1.832900e-2
 1.060000e+2	1.730500e-2
 1.080000e+2	1.678900e-2
 1.100000e+2	1.606200e-2
 1.120000e+2	1.543200e-2
 1.140000e+2	1.476300e-2
 1.160000e+2	1.418900e-2
 1.180000e+2	1.360200e-2
 1.200000e+2	1.313700e-2
 1.220000e+2	1.270900e-2
 1.240000e+2	1.229200e-2
 1.260000e+2	1.165700e-2
 1.280000e+2	1.153200e-2
 1.300000e+2	1.096600e-2
 1.320000e+2	1.075800e-2
 1.340000e+2	1.022000e-2
 1.360000e+2	9.853000e-3
 1.380000e+2	9.659000e-3
 1.400000e+2	9.448000e-3
 1.420000e+2	8.864000e-3
 1.440000e+2	8.646000e-3
 1.460000e+2	8.459000e-3
 1.480000e+2	8.132000e-3
 1.500000e+2	7.992000e-3
 1.520000e+2	7.675000e-3
 1.540000e+2	7.612000e-3
 1.560000e+2	7.491000e-3
 1.580000e+2	6.982000e-3
 1.600000e+2	6.844000e-3
 1.620000e+2	6.797000e-3
 1.640000e+2	6.504000e-3
 1.660000e+2	6.414000e-3
 1.680000e+2	6.259000e-3
 1.700000e+2	6.016000e-3
 1.720000e+2	6.090000e-3
 1.740000e+2	5.735000e-3
 1.760000e+2	5.678000e-3
 1.780000e+2	5.614000e-3
 1.800000e+2	5.323000e-3
 1.820000e+2	5.216000e-3
 1.840000e+2	5.019000e-3
 1.860000e+2	4.966000e-3
 1.880000e+2	4.945000e-3
 1.900000e+2	4.896000e-3
 1.920000e+2	4.596000e-3
 1.940000e+2	4.607000e-3
 1.960000e+2	4.551000e-3
 1.980000e+2	4.398000e-3
 2.000000e+2	4.496000e-3
-----------------------------
xxxxxxxxxxxxxxxxxxxxxxxxxxxxxxxxxxxxxxxxxxxxxxxxxxxxxxxxxxxxxxxxxxxxxxxxxxxxxxxxxxxxxxxxxxxxxxxxxxxxxxxxxxxxxxxxxxxxxxxx