LXCat, www.lxcat.net
Generated on 28 Sep 2026. All rights reserved.

RECOMMENDED REFERENCE FORMAT
- UBC database, www.lxcat.net, retrieved on September 28, 2026.

xxxxxxxxxxxxxxxxxxxxxxxxxxxxxxxxxxxxxxxxxxxxxxxxxxxxxxxxxxxxxxxxxxxxxxxxxxxxxxxxxxxxxxxxxxxxxxxxxxxxxxxxxxxxxxxxxxxxxxxx
DATABASE:         UBC database
PERMLINK:         www.lxcat.net/UBC
DESCRIPTION:      The UBC database consists of Absolute Dipole (Optical) Oscillator Strengths as a function of Photon
                  Energy for 65 neutral atoms and molecules for photoabsorption in the vacuum UV and soft X-ray regions
                  of the electromagnetic spectrum. The data were obtained in both the discrete and continuum regions by
                  fast electron scattering using electron energy loss spectroscopy (EELS) at zero degrees scattering
                  angle. This method, known as Dipole (e,e) Spectroscopy, involves Bethe-Born conversion of the electron
                  scattering intensities and Sum-Rule normalization to give absolute scales. The technique utilizes the
                  virtual photon field created by a fast electron scattered in the forward direction (i.e. at negligible
                  momentum transfer). Under these conditions the electron energy loss is equivalent to the photon energy
                  and the method gives results entirely equivalent to those that could be obtained using continuum light
                  sources such as monochromated synchrotron radiation. It is important to note that our data do not
                  suffer from the linesaturation effects (linewidth-bandwidth interactions) which can cause large errors
                  in optically determined oscillator strengths for discrete transitions with narrow natural linewidths.
                  Our experimental methods, data processing and some corrections to earlier data are presented in the
                  following publications:
                  
                  (1) W.F. Chan, G. Cooper and C.E. Brion, Absolute Oscillator Strengths for the Electronic Excitation
                  of Atoms at High Resolution: Experimental Methods and Measurements for Helium. Phys. Rev. A 44,186-204
                  (1991).
                  
                  (2) W.F. Chan, G. Cooper, X. Guo, G.R. Burton and C.E. Brion, Absolute Oscillator Strengths for the
                  Electronic Excitation of Atoms at High Resolution. Part III: The Photoabsorption of Argon, Krypton and
                  Xenon. Phys. Rev. A 46, 149-171 (1992); 48, 858-860 (1993).
                  
                  (3) T.N. Olney, N.M. Cann, G. Cooper, and C.E. Brion. Absolute Scale Determination for Photoabsorption
                  Spectra and the Calculation of Molecular Properties using Dipole Sum-Rules. Chem.Physics, 223, 59-98
                  (1997) and references therein.
                  
                  Both  “low” ( typically 1.0 eV fwhm) and “high” ( typically 0.048 eV fwhm) resolution data are
                  tabulated and can be plotted. These data are derived from a series of measurements made by Professor
                  Chris Brion and his group at the University of British Columbia (UBC) between 1991 and 2002.
                  References to their publications for specific neutral species should be included in all publications
                  making use of these data. See the UBC database for specific references. Occasionally, the tabulated
                  values of oscillator strength are negative below and close to threshold for inelastic scattering. This
                  simply reflects the statistical accuracy of the data.
xxxxxxxxxxxxxxxxxxxxxxxxxxxxxxxxxxxxxxxxxxxxxxxxxxxxxxxxxxxxxxxxxxxxxxxxxxxxxxxxxxxxxxxxxxxxxxxxxxxxxxxxxxxxxxxxxxxxxxxx

************************************************************************************************************************

COMMENT: high resolution (48meV fwhm) valence shell data.

********************************************************** N2 **********************************************************

SPECIES: e / N2
PROCESS: Oscillator strength
COMMENT: Nitrogen high resolution (48meV fwhm) valence shell data From: Chem. Phys. 170 (1993) 81.
UPDATED: 2013-09-21 17:06:19
COLUMNS: Energy (eV) | Oscillator strength (eV-1)
-----------------------------
 1.202370e+1	-3.900000e-4
 1.203406e+1	-1.500000e-4
 1.204441e+1	-4.600000e-4
 1.205476e+1	-1.020000e-3
 1.206511e+1	9.400000e-5
 1.207546e+1	9.500000e-4
 1.208582e+1	8.400000e-5
 1.209617e+1	-1.200000e-5
 1.210652e+1	1.110000e-3
 1.211687e+1	1.398000e-3
 1.212722e+1	-1.200000e-5
 1.213757e+1	3.230000e-4
 1.214793e+1	5.770000e-4
 1.215828e+1	-2.000000e-4
 1.216863e+1	6.380000e-4
 1.217898e+1	1.340000e-3
 1.218933e+1	6.890000e-4
 1.219969e+1	1.489000e-3
 1.221004e+1	2.619000e-3
 1.222039e+1	3.049000e-3
 1.223074e+1	5.937000e-3
 1.224109e+1	7.458000e-3
 1.225145e+1	1.030200e-2
 1.226180e+1	7.996000e-3
 1.227215e+1	7.213000e-3
 1.228250e+1	3.631000e-3
 1.229285e+1	1.954000e-3
 1.230321e+1	2.474000e-3
 1.231356e+1	1.171000e-3
 1.232391e+1	1.580000e-3
 1.233426e+1	2.078000e-3
 1.234461e+1	8.910000e-4
 1.235496e+1	1.514000e-3
 1.236532e+1	1.889000e-3
 1.237567e+1	8.090000e-4
 1.238602e+1	1.047000e-3
 1.239637e+1	2.048000e-3
 1.240672e+1	1.701000e-3
 1.241708e+1	2.793000e-3
 1.242743e+1	5.395000e-3
 1.243778e+1	6.309000e-3
 1.244813e+1	1.053500e-2
 1.245848e+1	1.683100e-2
 1.246884e+1	2.558400e-2
 1.247919e+1	4.130900e-2
 1.248954e+1	5.404400e-2
 1.249989e+1	6.197200e-2
 1.251024e+1	5.861500e-2
 1.252060e+1	5.188600e-2
 1.253095e+1	5.726000e-2
 1.254130e+1	7.926600e-2
 1.255165e+1	1.172360e-1
 1.256200e+1	1.643640e-1
 1.257235e+1	2.023860e-1
 1.258271e+1	2.041450e-1
 1.259306e+1	1.653490e-1
 1.260341e+1	1.274760e-1
 1.261376e+1	1.256630e-1
 1.262411e+1	1.571240e-1
 1.263447e+1	2.341960e-1
 1.264482e+1	3.403240e-1
 1.265517e+1	4.470440e-1
 1.266552e+1	4.878970e-1
 1.267587e+1	4.203750e-1
 1.268623e+1	3.110460e-1
 1.269658e+1	2.452100e-1
 1.270693e+1	2.660280e-1
 1.271728e+1	3.536270e-1
 1.272763e+1	5.121600e-1
 1.273799e+1	7.406330e-1
 1.274834e+1	8.953710e-1
 1.275869e+1	8.753160e-1
 1.276904e+1	6.919890e-1
 1.277939e+1	5.039560e-1
 1.278974e+1	4.454120e-1
 1.280010e+1	5.401440e-1
 1.281045e+1	7.525680e-1
 1.282080e+1	1.080458e+0
 1.283115e+1	1.400366e+0
 1.284150e+1	1.455486e+0
 1.285186e+1	1.221862e+0
 1.286221e+1	9.487420e-1
 1.287256e+1	8.784220e-1
 1.288291e+1	1.083002e+0
 1.289326e+1	1.535092e+0
 1.290362e+1	2.163036e+0
 1.291397e+1	2.890196e+0
 1.292432e+1	3.509342e+0
 1.293467e+1	4.517084e+0
 1.294502e+1	3.296706e+0
 1.295538e+1	2.309846e+0
 1.296573e+1	1.371534e+0
 1.297608e+1	7.906860e-1
 1.298643e+1	4.848230e-1
 1.299678e+1	3.099550e-1
 1.300713e+1	2.025130e-1
 1.301749e+1	1.458980e-1
 1.302784e+1	1.186880e-1
 1.303819e+1	1.146810e-1
 1.304854e+1	1.228220e-1
 1.305889e+1	1.196420e-1
 1.306925e+1	1.132400e-1
 1.307960e+1	9.300000e-2
 1.308995e+1	8.345500e-2
 1.310030e+1	9.426300e-2
 1.311065e+1	1.240620e-1
 1.312101e+1	1.862950e-1
 1.313136e+1	2.819490e-1
 1.314171e+1	4.041890e-1
 1.315206e+1	5.149690e-1
 1.316241e+1	5.639520e-1
 1.317277e+1	6.104960e-1
 1.318312e+1	7.319410e-1
 1.319347e+1	9.502900e-1
 1.320382e+1	1.111516e+0
 1.321417e+1	1.032800e+0
 1.322452e+1	7.655640e-1
 1.323488e+1	4.459210e-1
 1.324523e+1	2.450830e-1
 1.325558e+1	1.465340e-1
 1.326593e+1	1.023010e-1
 1.327628e+1	8.681600e-2
 1.328664e+1	9.042200e-2
 1.329699e+1	1.069540e-1
 1.330734e+1	1.437890e-1
 1.331769e+1	2.111730e-1
 1.332804e+1	3.178620e-1
 1.333840e+1	4.169930e-1
 1.334875e+1	4.549100e-1
 1.335910e+1	3.775300e-1
 1.336945e+1	2.549940e-1
 1.337980e+1	1.831150e-1
 1.339016e+1	1.587990e-1
 1.340051e+1	1.636750e-1
 1.341086e+1	2.033500e-1
 1.342121e+1	2.596050e-1
 1.343156e+1	2.979130e-1
 1.344191e+1	3.134310e-1
 1.345227e+1	3.048560e-1
 1.346262e+1	3.250700e-1
 1.347297e+1	3.447440e-1
 1.348332e+1	3.258020e-1
 1.349367e+1	2.579510e-1
 1.350403e+1	1.962590e-1
 1.351438e+1	1.731300e-1
 1.352473e+1	1.688690e-1
 1.353508e+1	1.810800e-1
 1.354543e+1	1.963330e-1
 1.355579e+1	2.524180e-1
 1.356614e+1	3.683080e-1
 1.357649e+1	4.711280e-1
 1.358684e+1	5.081960e-1
 1.359719e+1	4.220710e-1
 1.360754e+1	3.129230e-1
 1.361790e+1	2.349070e-1
 1.362825e+1	2.047390e-1
 1.363860e+1	2.129650e-1
 1.364895e+1	2.401540e-1
 1.365930e+1	2.554280e-1
 1.366966e+1	2.520260e-1
 1.368001e+1	2.385320e-1
 1.369036e+1	2.445630e-1
 1.370071e+1	2.834120e-1
 1.371106e+1	3.230990e-1
 1.372142e+1	3.306670e-1
 1.373177e+1	2.950400e-1
 1.374212e+1	2.446690e-1
 1.375247e+1	2.053960e-1
 1.376282e+1	1.898670e-1
 1.377317e+1	1.988350e-1
 1.378353e+1	2.288010e-1
 1.379388e+1	2.913730e-1
 1.380423e+1	3.783250e-1
 1.381458e+1	4.696750e-1
 1.382493e+1	5.132520e-1
 1.383529e+1	3.491000e-1
 1.384564e+1	3.468850e-1
 1.385599e+1	2.715080e-1
 1.386634e+1	2.356590e-1
 1.387669e+1	2.659430e-1
 1.388705e+1	3.408850e-1
 1.389740e+1	4.347060e-1
 1.390775e+1	5.090540e-1
 1.391810e+1	5.037120e-1
 1.392845e+1	4.373140e-1
 1.393881e+1	3.845890e-1
 1.394916e+1	4.157210e-1
 1.395951e+1	5.373560e-1
 1.396986e+1	7.090980e-1
 1.398021e+1	8.221250e-1
 1.399056e+1	7.895300e-1
 1.400092e+1	6.311560e-1
 1.401127e+1	4.496200e-1
 1.402162e+1	3.471500e-1
 1.403197e+1	3.443090e-1
 1.404232e+1	4.138560e-1
 1.405268e+1	5.123400e-1
 1.406303e+1	6.028750e-1
 1.407338e+1	6.342830e-1
 1.408373e+1	5.655740e-1
 1.409408e+1	4.437160e-1
 1.410444e+1	3.514430e-1
 1.411479e+1	3.604110e-1
 1.412514e+1	4.463240e-1
 1.413549e+1	5.751560e-1
 1.414584e+1	6.858410e-1
 1.415620e+1	6.980420e-1
 1.416655e+1	5.898900e-1
 1.417690e+1	4.780390e-1
 1.418725e+1	4.723680e-1
 1.419760e+1	5.869640e-1
 1.420795e+1	7.930920e-1
 1.421831e+1	9.756770e-1
 1.422866e+1	1.021723e+0
 1.423901e+1	8.584620e-1
 1.424936e+1	6.071790e-1
 1.425971e+1	4.512740e-1
 1.427007e+1	4.215830e-1
 1.428042e+1	4.870380e-1
 1.429077e+1	5.779120e-1
 1.430112e+1	6.392330e-1
 1.431147e+1	6.432720e-1
 1.432183e+1	5.951480e-1
 1.433218e+1	5.492920e-1
 1.434253e+1	4.888830e-1
 1.435288e+1	4.146300e-1
 1.436323e+1	3.348430e-1
 1.437359e+1	2.523970e-1
 1.438394e+1	1.845350e-1
 1.439429e+1	1.464500e-1
 1.440464e+1	1.385740e-1
 1.441499e+1	1.467040e-1
 1.442535e+1	1.673320e-1
 1.443570e+1	2.144270e-1
 1.444605e+1	2.979450e-1
 1.445640e+1	3.891150e-1
 1.446675e+1	4.572100e-1
 1.447710e+1	4.674600e-1
 1.448746e+1	4.278050e-1
 1.449781e+1	3.747630e-1
 1.450816e+1	3.439910e-1
 1.451851e+1	3.408850e-1
 1.452886e+1	3.264690e-1
 1.453922e+1	2.728550e-1
 1.454957e+1	2.119260e-1
 1.455992e+1	1.681690e-1
 1.457027e+1	1.561800e-1
 1.458062e+1	1.614910e-1
 1.459098e+1	1.569330e-1
 1.460133e+1	1.290440e-1
 1.461168e+1	8.711100e-2
 1.462203e+1	5.738400e-2
 1.463238e+1	4.697100e-2
 1.464273e+1	4.898000e-2
 1.465309e+1	5.578900e-2
 1.466344e+1	7.489700e-2
 1.467379e+1	9.979100e-2
 1.468414e+1	1.266380e-1
 1.469449e+1	1.366130e-1
 1.470485e+1	1.497360e-1
 1.471520e+1	1.739040e-1
 1.472555e+1	2.053220e-1
 1.473590e+1	2.277090e-1
 1.474625e+1	2.321510e-1
 1.475661e+1	1.920510e-1
 1.476696e+1	1.460570e-1
 1.477731e+1	1.209880e-1
 1.478766e+1	1.119360e-1
 1.479801e+1	1.208510e-1
 1.480837e+1	1.254190e-1
 1.481872e+1	1.316200e-1
 1.482907e+1	1.481560e-1
 1.483942e+1	1.802740e-1
 1.484977e+1	1.948070e-1
 1.486012e+1	1.711050e-1
 1.487048e+1	1.175750e-1
 1.488083e+1	7.260500e-2
 1.489118e+1	4.579200e-2
 1.490153e+1	3.410400e-2
 1.491188e+1	2.695500e-2
 1.492224e+1	2.447000e-2
 1.493259e+1	2.773500e-2
 1.494294e+1	3.070100e-2
 1.495329e+1	3.825300e-2
 1.496364e+1	4.765800e-2
 1.497400e+1	6.331200e-2
 1.498435e+1	8.431600e-2
 1.499470e+1	1.223770e-1
 1.500505e+1	1.586290e-1
 1.501540e+1	1.924640e-1
 1.502576e+1	1.827860e-1
 1.503611e+1	1.547390e-1
 1.504646e+1	1.152430e-1
 1.505681e+1	8.564000e-2
 1.506716e+1	7.712200e-2
 1.507751e+1	9.044200e-2
 1.508787e+1	1.272000e-1
 1.509822e+1	1.664090e-1
 1.510857e+1	1.982200e-1
 1.511892e+1	2.250060e-1
 1.512927e+1	2.535630e-1
 1.513963e+1	2.919880e-1
 1.514998e+1	2.867090e-1
 1.516033e+1	2.271580e-1
 1.517068e+1	1.472340e-1
 1.518103e+1	9.588800e-2
 1.519139e+1	8.585600e-2
 1.520174e+1	1.034880e-1
 1.521209e+1	1.483790e-1
 1.522244e+1	2.064770e-1
 1.523279e+1	2.846950e-1
 1.524315e+1	3.132940e-1
 1.525350e+1	2.791620e-1
 1.526385e+1	2.101870e-1
 1.527420e+1	1.362740e-1
 1.528455e+1	9.307900e-2
 1.529490e+1	7.395900e-2
 1.530526e+1	7.455500e-2
 1.531561e+1	8.998800e-2
 1.532596e+1	1.114170e-1
 1.533631e+1	1.415210e-1
 1.534666e+1	1.878320e-1
 1.535702e+1	2.550680e-1
 1.536737e+1	3.257700e-1
 1.537772e+1	3.498530e-1
 1.538807e+1	2.968320e-1
 1.539842e+1	2.207030e-1
 1.540878e+1	1.671410e-1
 1.541913e+1	1.347370e-1
 1.542948e+1	1.336660e-1
 1.543983e+1	1.617240e-1
 1.545018e+1	2.056820e-1
 1.546054e+1	2.578130e-1
 1.547089e+1	2.903130e-1
 1.548124e+1	2.869630e-1
 1.549159e+1	2.426130e-1
 1.550194e+1	1.830510e-1
 1.551229e+1	1.354360e-1
 1.552265e+1	1.136320e-1
 1.553300e+1	1.006680e-1
 1.554335e+1	9.242700e-2
 1.555370e+1	1.023350e-1
 1.556405e+1	1.239880e-1
 1.557441e+1	1.597420e-1
 1.558476e+1	1.933970e-1
 1.559511e+1	2.387970e-1
 1.560546e+1	2.615130e-1
 1.561581e+1	2.646500e-1
 1.562616e+1	2.766490e-1
 1.563652e+1	3.081950e-1
 1.564687e+1	3.701310e-1
 1.565722e+1	4.267140e-1
 1.566757e+1	4.345790e-1
 1.567792e+1	3.945320e-1
 1.568828e+1	3.419350e-1
 1.569863e+1	2.854900e-1
 1.570898e+1	2.386700e-1
 1.571933e+1	1.937470e-1
 1.572968e+1	1.607280e-1
 1.574004e+1	1.508380e-1
 1.575039e+1	1.576860e-1
 1.576074e+1	1.894750e-1
 1.577109e+1	2.179570e-1
 1.578144e+1	2.553220e-1
 1.579180e+1	3.175120e-1
 1.580215e+1	4.048250e-1
 1.581250e+1	5.223680e-1
 1.582285e+1	5.886390e-1
 1.583320e+1	5.540940e-1
 1.584355e+1	4.481040e-1
 1.585391e+1	3.772540e-1
 1.586426e+1	3.419140e-1
 1.587461e+1	3.305080e-1
 1.588496e+1	3.011250e-1
 1.589531e+1	2.469480e-1
 1.590567e+1	2.209040e-1
 1.591602e+1	2.040820e-1
 1.592637e+1	1.970120e-1
 1.593672e+1	2.013470e-1
 1.594707e+1	2.122230e-1
 1.595743e+1	2.563190e-1
 1.596778e+1	3.332960e-1
 1.597813e+1	4.080890e-1
 1.598848e+1	4.307520e-1
 1.599883e+1	3.721870e-1
 1.600919e+1	3.017500e-1
 1.601954e+1	2.566050e-1
 1.602989e+1	2.495770e-1
 1.604024e+1	2.820770e-1
 1.605059e+1	3.292890e-1
 1.606094e+1	3.889880e-1
 1.607130e+1	4.039240e-1
 1.608165e+1	3.545590e-1
 1.609200e+1	2.864120e-1
 1.610235e+1	2.394120e-1
 1.611270e+1	2.183920e-1
 1.612306e+1	2.278890e-1
 1.613341e+1	2.285040e-1
 1.614376e+1	2.234060e-1
 1.615411e+1	2.133460e-1
 1.616446e+1	2.098690e-1
 1.617482e+1	2.173320e-1
 1.618517e+1	2.620960e-1
 1.619552e+1	3.115230e-1
 1.620587e+1	3.475850e-1
 1.621622e+1	3.477220e-1
 1.622658e+1	3.151590e-1
 1.623693e+1	2.797870e-1
 1.624728e+1	2.589690e-1
 1.625763e+1	2.387650e-1
 1.626798e+1	2.470330e-1
 1.627834e+1	2.652650e-1
 1.628869e+1	2.752080e-1
 1.629904e+1	2.662720e-1
 1.630939e+1	2.458030e-1
 1.631974e+1	2.215610e-1
 1.633009e+1	2.178510e-1
 1.634045e+1	2.268290e-1
 1.635080e+1	2.488560e-1
 1.636115e+1	2.497470e-1
 1.637150e+1	2.481780e-1
 1.638185e+1	2.436830e-1
 1.639221e+1	2.285890e-1
 1.640256e+1	2.322990e-1
 1.641291e+1	2.569550e-1
 1.642326e+1	2.834440e-1
 1.643361e+1	3.089260e-1
 1.644397e+1	2.936200e-1
 1.645432e+1	2.567320e-1
 1.646467e+1	2.175010e-1
 1.647502e+1	1.922950e-1
 1.648537e+1	1.907790e-1
 1.649573e+1	1.890090e-1
 1.650608e+1	1.936940e-1
 1.651643e+1	2.199180e-1
 1.652678e+1	2.396020e-1
 1.653713e+1	2.507850e-1
 1.654748e+1	2.368360e-1
 1.655784e+1	2.308570e-1
 1.656819e+1	2.298190e-1
 1.657854e+1	2.299990e-1
 1.658889e+1	2.315360e-1
 1.659924e+1	2.253350e-1
 1.660960e+1	2.199710e-1
 1.661995e+1	2.205440e-1
 1.663030e+1	2.262780e-1
 1.664065e+1	2.390940e-1
 1.665100e+1	2.510720e-1
 1.666136e+1	2.429940e-1
 1.667171e+1	2.312710e-1
 1.668206e+1	2.074740e-1
 1.669241e+1	1.912450e-1
 1.670276e+1	1.782070e-1
 1.671311e+1	1.822880e-1
 1.672347e+1	1.893270e-1
 1.673382e+1	1.902280e-1
 1.674417e+1	2.054070e-1
 1.675452e+1	2.134200e-1
 1.676487e+1	2.209680e-1
 1.677523e+1	2.226530e-1
 1.678558e+1	2.228230e-1
 1.679593e+1	2.133890e-1
 1.680628e+1	2.211580e-1
 1.681663e+1	2.161230e-1
 1.682699e+1	2.089050e-1
 1.683734e+1	2.059900e-1
 1.684769e+1	2.013790e-1
 1.685804e+1	2.035090e-1
 1.686839e+1	2.033500e-1
 1.687875e+1	2.050780e-1
 1.688910e+1	2.050780e-1
 1.689945e+1	1.904500e-1
 1.690980e+1	1.796700e-1
 1.692015e+1	1.836130e-1
 1.693050e+1	1.860620e-1
 1.694086e+1	1.877790e-1
 1.695121e+1	1.945310e-1
 1.696156e+1	2.015480e-1
 1.697191e+1	2.046220e-1
 1.698226e+1	2.128060e-1
 1.699262e+1	2.159220e-1
 1.700297e+1	2.234800e-1
 1.701332e+1	2.233000e-1
 1.702367e+1	2.258970e-1
 1.703402e+1	2.336350e-1
 1.704438e+1	2.475950e-1
 1.705473e+1	2.577280e-1
 1.706508e+1	2.739150e-1
 1.707543e+1	2.783140e-1
 1.708578e+1	3.036790e-1
 1.709614e+1	3.220170e-1
 1.710649e+1	3.520150e-1
 1.711684e+1	3.816210e-1
 1.712719e+1	4.031070e-1
 1.713754e+1	4.096160e-1
 1.714789e+1	4.015700e-1
 1.715825e+1	3.621070e-1
 1.716860e+1	3.216360e-1
 1.717895e+1	2.931640e-1
 1.718930e+1	2.750910e-1
 1.719965e+1	2.595090e-1
 1.721001e+1	2.553860e-1
 1.722036e+1	2.501390e-1
 1.723071e+1	2.481990e-1
 1.724106e+1	2.433230e-1
 1.725141e+1	2.300940e-1
 1.726176e+1	2.242320e-1
 1.727212e+1	2.175540e-1
 1.728247e+1	2.051740e-1
 1.729282e+1	1.965660e-1
 1.730317e+1	1.919980e-1
 1.731353e+1	1.783130e-1
 1.732388e+1	1.746350e-1
 1.733423e+1	1.719640e-1
 1.734458e+1	1.764050e-1
 1.735493e+1	1.949450e-1
 1.736528e+1	2.154870e-1
 1.737564e+1	2.187630e-1
 1.738599e+1	2.299990e-1
 1.739634e+1	2.336240e-1
 1.740669e+1	2.287690e-1
 1.741704e+1	2.356700e-1
 1.742740e+1	2.341860e-1
 1.743775e+1	2.263520e-1
 1.744810e+1	2.278050e-1
 1.745845e+1	2.193140e-1
 1.746880e+1	2.215610e-1
 1.747915e+1	2.215820e-1
 1.748951e+1	2.211160e-1
 1.749986e+1	2.213600e-1
 1.751021e+1	2.136640e-1
 1.752056e+1	2.197060e-1
 1.753092e+1	2.179150e-1
 1.754127e+1	2.233950e-1
 1.755162e+1	2.230450e-1
 1.756197e+1	2.243280e-1
 1.757232e+1	2.217520e-1
 1.758267e+1	2.213700e-1
 1.759303e+1	2.202790e-1
 1.760338e+1	2.131980e-1
 1.761373e+1	2.101870e-1
 1.762408e+1	2.081100e-1
 1.763443e+1	2.109400e-1
 1.764479e+1	2.100810e-1
 1.765514e+1	2.128370e-1
 1.766549e+1	2.097850e-1
 1.767584e+1	2.098910e-1
 1.768619e+1	2.108870e-1
 1.769654e+1	2.041240e-1
 1.770690e+1	2.083850e-1
 1.771725e+1	2.058630e-1
 1.772760e+1	2.013890e-1
 1.773795e+1	2.113960e-1
 1.774830e+1	2.099540e-1
 1.775866e+1	2.076330e-1
 1.776901e+1	2.101560e-1
 1.777936e+1	2.169180e-1
 1.778971e+1	2.257270e-1
 1.780006e+1	2.335820e-1
 1.781042e+1	2.626040e-1
 1.782077e+1	2.880230e-1
 1.783112e+1	3.134840e-1
 1.784147e+1	3.316420e-1
 1.785182e+1	3.274340e-1
 1.786218e+1	3.267870e-1
 1.787253e+1	2.964930e-1
 1.788288e+1	2.681910e-1
 1.789323e+1	2.433870e-1
 1.790358e+1	2.374080e-1
 1.791394e+1	2.303380e-1
 1.792429e+1	2.155830e-1
 1.793464e+1	2.043470e-1
 1.794499e+1	1.959200e-1
 1.795534e+1	1.912130e-1
 1.796569e+1	1.946270e-1
 1.797605e+1	2.023540e-1
 1.798640e+1	2.072410e-1
 1.799675e+1	2.148510e-1
 1.800710e+1	2.125410e-1
 1.801745e+1	2.148940e-1
 1.802781e+1	2.145760e-1
 1.803816e+1	2.196110e-1
 1.804851e+1	2.169400e-1
 1.805886e+1	2.173850e-1
 1.806921e+1	2.211900e-1
 1.807957e+1	2.214550e-1
 1.808992e+1	2.252920e-1
 1.810027e+1	2.222290e-1
 1.811062e+1	2.244440e-1
 1.812097e+1	2.259500e-1
 1.813133e+1	2.350970e-1
 1.814168e+1	2.403020e-1
 1.815203e+1	2.513050e-1
 1.816238e+1	2.694730e-1
 1.817273e+1	2.745720e-1
 1.818308e+1	2.867090e-1
 1.819344e+1	2.625200e-1
 1.820379e+1	2.510500e-1
 1.821414e+1	2.352030e-1
 1.822449e+1	2.189320e-1
 1.823484e+1	2.103780e-1
 1.824520e+1	2.113960e-1
 1.825555e+1	2.113000e-1
 1.826590e+1	2.036050e-1
 1.827625e+1	2.161450e-1
 1.828660e+1	2.117560e-1
 1.829696e+1	2.212010e-1
 1.830731e+1	2.177980e-1
 1.831766e+1	2.247620e-1
 1.832801e+1	2.338890e-1
 1.833836e+1	2.419340e-1
 1.834872e+1	2.508280e-1
 1.835907e+1	2.651480e-1
 1.836942e+1	2.527680e-1
 1.837977e+1	2.353840e-1
 1.839012e+1	2.256210e-1
 1.840047e+1	2.154560e-1
 1.841083e+1	2.127310e-1
 1.842118e+1	2.190700e-1
 1.843153e+1	2.212330e-1
 1.844188e+1	2.286310e-1
 1.845223e+1	2.371010e-1
 1.846259e+1	2.470860e-1
 1.847294e+1	2.449660e-1
 1.848329e+1	2.314930e-1
 1.849364e+1	2.293200e-1
 1.850399e+1	2.281330e-1
 1.851435e+1	2.268190e-1
 1.852470e+1	2.306450e-1
 1.853505e+1	2.332740e-1
 1.854540e+1	2.272960e-1
 1.855575e+1	2.309320e-1
 1.856611e+1	2.275500e-1
 1.857646e+1	2.317690e-1
 1.858681e+1	2.246460e-1
 1.859716e+1	2.313450e-1
 1.860751e+1	2.263210e-1
 1.861786e+1	2.232780e-1
 1.862822e+1	2.264580e-1
 1.863857e+1	2.348750e-1
 1.864892e+1	2.323200e-1
 1.865927e+1	2.231620e-1
 1.866962e+1	2.280480e-1
 1.867998e+1	2.256210e-1
 1.869033e+1	2.270940e-1
 1.870068e+1	2.251970e-1
 1.871103e+1	2.278360e-1
 1.872138e+1	2.289070e-1
 1.873174e+1	2.284300e-1
 1.874209e+1	2.270520e-1
 1.875244e+1	2.331680e-1
 1.876279e+1	2.325110e-1
 1.877314e+1	2.379060e-1
 1.878349e+1	2.274550e-1
 1.879385e+1	2.287060e-1
 1.880420e+1	2.260030e-1
 1.881455e+1	2.286630e-1
 1.882490e+1	2.271790e-1
 1.883525e+1	2.310160e-1
 1.884561e+1	2.308470e-1
 1.885596e+1	2.256950e-1
 1.886631e+1	2.274870e-1
 1.887666e+1	2.284830e-1
 1.888701e+1	2.305180e-1
 1.889737e+1	2.294690e-1
 1.890772e+1	2.152220e-1
 1.891807e+1	2.283770e-1
 1.892842e+1	2.301790e-1
 1.893877e+1	2.334120e-1
 1.894913e+1	2.237020e-1
 1.895948e+1	2.177030e-1
 1.896983e+1	2.256210e-1
 1.898018e+1	2.215720e-1
 1.899053e+1	2.237340e-1
 1.900088e+1	2.273910e-1
 1.901124e+1	2.305820e-1
 1.902159e+1	2.237450e-1
 1.903194e+1	2.245080e-1
 1.904229e+1	2.319920e-1
 1.905264e+1	2.240730e-1
 1.906300e+1	2.199820e-1
 1.907335e+1	2.324690e-1
 1.908370e+1	2.269040e-1
 1.909405e+1	2.314400e-1
 1.910440e+1	2.294480e-1
 1.911475e+1	2.264270e-1
 1.912511e+1	2.202150e-1
 1.913546e+1	2.270410e-1
 1.914581e+1	2.209990e-1
 1.915616e+1	2.174380e-1
 1.916652e+1	2.335710e-1
 1.917687e+1	2.275820e-1
 1.918722e+1	2.254730e-1
 1.919757e+1	2.243910e-1
 1.920792e+1	2.234270e-1
 1.921827e+1	2.262250e-1
 1.922863e+1	2.334860e-1
 1.923898e+1	2.235010e-1
 1.924933e+1	2.215510e-1
 1.925968e+1	2.197800e-1
 1.927003e+1	2.270730e-1
 1.928039e+1	2.221020e-1
 1.929074e+1	2.257800e-1
 1.930109e+1	2.228970e-1
 1.931144e+1	2.228120e-1
 1.932179e+1	2.210630e-1
 1.933214e+1	2.204160e-1
 1.934250e+1	2.285360e-1
 1.935285e+1	2.243700e-1
 1.936320e+1	2.214870e-1
 1.937355e+1	2.230130e-1
 1.938391e+1	2.265430e-1
 1.939426e+1	2.181370e-1
 1.940461e+1	2.245930e-1
 1.941496e+1	2.269460e-1
 1.942531e+1	2.175860e-1
 1.943566e+1	2.159860e-1
 1.944602e+1	2.263520e-1
 1.945637e+1	2.169180e-1
 1.946672e+1	2.208720e-1
 1.947707e+1	2.193670e-1
 1.948742e+1	2.187630e-1
 1.949778e+1	2.165580e-1
 1.950813e+1	2.176290e-1
 1.951848e+1	2.246670e-1
 1.952883e+1	2.144270e-1
 1.953918e+1	2.215080e-1
 1.954953e+1	2.238510e-1
 1.955989e+1	2.241370e-1
 1.957024e+1	2.193460e-1
 1.958059e+1	2.105050e-1
 1.959094e+1	2.186670e-1
 1.960130e+1	2.162400e-1
 1.961165e+1	2.197700e-1
 1.962200e+1	2.150100e-1
 1.963235e+1	2.147350e-1
 1.964270e+1	2.152440e-1
 1.965305e+1	2.165050e-1
 1.966341e+1	2.224620e-1
 1.967376e+1	2.153920e-1
 1.968411e+1	2.239990e-1
 1.969446e+1	2.222610e-1
 1.970481e+1	2.201940e-1
 1.971517e+1	2.222180e-1
 1.972552e+1	2.202360e-1
 1.973587e+1	2.144060e-1
 1.974622e+1	2.224520e-1
 1.975657e+1	2.133040e-1
 1.976693e+1	2.156250e-1
 1.977728e+1	2.157310e-1
 1.978763e+1	2.103250e-1
 1.979798e+1	2.155090e-1
 1.980833e+1	2.190070e-1
 1.981868e+1	2.205970e-1
 1.982904e+1	2.183280e-1
 1.983939e+1	2.151380e-1
 1.984974e+1	2.153180e-1
 1.986009e+1	2.195900e-1
 1.987044e+1	2.121910e-1
 1.988080e+1	2.200880e-1
 1.989115e+1	2.152010e-1
 1.990150e+1	2.145230e-1
 1.991185e+1	2.164100e-1
 1.992220e+1	2.185080e-1
 1.993256e+1	2.144910e-1
 1.994291e+1	2.138660e-1
 1.995326e+1	2.127530e-1
 1.996361e+1	2.132190e-1
 1.997396e+1	2.203950e-1
 1.998432e+1	2.189540e-1
 1.999467e+1	2.199610e-1
 2.000502e+1	2.141090e-1
 2.001537e+1	2.160810e-1
 2.002572e+1	2.213700e-1
 2.003607e+1	2.169080e-1
 2.004643e+1	2.191550e-1
 2.005678e+1	2.096260e-1
 2.006713e+1	2.177030e-1
 2.007748e+1	2.124030e-1
 2.008783e+1	2.094450e-1
 2.009819e+1	2.125090e-1
 2.010854e+1	2.210310e-1
 2.011889e+1	2.092440e-1
 2.012924e+1	2.188260e-1
 2.013959e+1	2.163990e-1
 2.014995e+1	2.048980e-1
 2.016030e+1	2.142050e-1
 2.017065e+1	2.147880e-1
 2.018100e+1	2.150850e-1
 2.019135e+1	2.131550e-1
 2.020171e+1	2.125720e-1
 2.021206e+1	2.161450e-1
 2.022241e+1	2.170350e-1
 2.023276e+1	2.130490e-1
 2.024311e+1	2.158480e-1
 2.025346e+1	2.102720e-1
 2.026382e+1	2.159860e-1
 2.027417e+1	2.170140e-1
 2.028452e+1	2.196850e-1
 2.029487e+1	2.146390e-1
 2.030522e+1	2.155930e-1
 2.031558e+1	2.103680e-1
 2.032593e+1	2.176600e-1
 2.033628e+1	2.177660e-1
 2.034663e+1	2.139290e-1
 2.035698e+1	2.127100e-1
 2.036734e+1	2.131240e-1
 2.037769e+1	2.024070e-1
 2.038804e+1	2.102930e-1
 2.039839e+1	2.115650e-1
 2.040874e+1	2.150320e-1
 2.041910e+1	2.161130e-1
 2.042945e+1	2.120950e-1
 2.043980e+1	2.138970e-1
 2.045015e+1	2.133670e-1
 2.046050e+1	2.163250e-1
 2.047085e+1	2.137280e-1
 2.048121e+1	2.081520e-1
 2.049156e+1	2.066580e-1
 2.050191e+1	2.015170e-1
 2.051226e+1	2.105900e-1
 2.052261e+1	2.138130e-1
 2.053297e+1	2.000640e-1
 2.054332e+1	2.088840e-1
 2.055367e+1	2.110990e-1
 2.056402e+1	2.069760e-1
 2.057437e+1	2.138550e-1
 2.058473e+1	2.123180e-1
 2.059508e+1	2.134420e-1
 2.060543e+1	2.133890e-1
 2.061578e+1	2.104950e-1
 2.062613e+1	2.059580e-1
 2.063649e+1	2.132300e-1
 2.064684e+1	2.163570e-1
 2.065719e+1	2.133040e-1
 2.066754e+1	2.075690e-1
 2.067789e+1	2.136640e-1
 2.068824e+1	2.182010e-1
 2.069860e+1	2.078240e-1
 2.070895e+1	2.093390e-1
 2.071930e+1	2.072300e-1
 2.072965e+1	2.223560e-1
 2.074000e+1	2.099540e-1
 2.075035e+1	2.102190e-1
 2.076071e+1	2.125720e-1
 2.077106e+1	2.037430e-1
 2.078141e+1	2.074630e-1
 2.079176e+1	2.136640e-1
 2.080212e+1	2.192290e-1
 2.081247e+1	2.113000e-1
 2.082282e+1	2.124770e-1
 2.083317e+1	2.150000e-1
 2.084352e+1	2.109290e-1
 2.085387e+1	2.144800e-1
 2.086423e+1	2.047920e-1
 2.087458e+1	2.092860e-1
 2.088493e+1	2.073890e-1
 2.089528e+1	2.049090e-1
 2.090563e+1	2.038800e-1
 2.091599e+1	2.071450e-1
 2.092634e+1	2.056400e-1
 2.093669e+1	2.102400e-1
 2.094704e+1	2.095830e-1
 2.095739e+1	2.079300e-1
 2.096774e+1	2.093390e-1
 2.097810e+1	2.102300e-1
 2.098845e+1	2.162190e-1
 2.099880e+1	2.090850e-1
 2.100915e+1	2.115020e-1
 2.101951e+1	2.078660e-1
 2.102986e+1	2.099540e-1
 2.104021e+1	2.090210e-1
 2.105056e+1	2.118520e-1
 2.106091e+1	2.034460e-1
 2.107126e+1	2.090320e-1
 2.108162e+1	2.069760e-1
 2.109197e+1	2.102930e-1
 2.110232e+1	2.026300e-1
 2.111267e+1	2.065520e-1
 2.112302e+1	2.127740e-1
 2.113338e+1	2.161550e-1
 2.114373e+1	2.092550e-1
 2.115408e+1	2.098910e-1
 2.116443e+1	2.060110e-1
 2.117478e+1	2.147450e-1
 2.118514e+1	2.120320e-1
 2.119549e+1	2.107920e-1
 2.120584e+1	2.076120e-1
 2.121619e+1	2.179360e-1
 2.122654e+1	2.094140e-1
 2.123690e+1	2.118410e-1
 2.124725e+1	2.109720e-1
 2.125760e+1	2.085340e-1
 2.126795e+1	2.105370e-1
 2.127830e+1	2.015480e-1
 2.128865e+1	2.119050e-1
 2.129901e+1	2.073250e-1
 2.130936e+1	2.102620e-1
 2.131971e+1	2.118620e-1
 2.133006e+1	2.118200e-1
 2.134041e+1	2.105050e-1
 2.135077e+1	2.106110e-1
 2.136112e+1	2.116500e-1
 2.137147e+1	2.041450e-1
 2.138182e+1	2.082480e-1
 2.139217e+1	2.170990e-1
 2.140253e+1	2.058730e-1
 2.141288e+1	2.099970e-1
 2.142323e+1	2.130710e-1
 2.143358e+1	2.109820e-1
 2.144393e+1	2.121700e-1
 2.145429e+1	2.055340e-1
 2.146464e+1	2.127000e-1
 2.147499e+1	2.105900e-1
 2.148534e+1	2.120210e-1
 2.149569e+1	2.101450e-1
 2.150604e+1	2.118410e-1
 2.151640e+1	2.050460e-1
 2.152675e+1	2.056930e-1
 2.153710e+1	2.138440e-1
 2.154745e+1	2.114490e-1
 2.155780e+1	2.062230e-1
 2.156816e+1	2.053010e-1
 2.157851e+1	2.172260e-1
 2.158886e+1	2.060530e-1
 2.159921e+1	2.096890e-1
 2.160956e+1	2.146390e-1
 2.161992e+1	2.136010e-1
 2.163027e+1	2.108660e-1
 2.164062e+1	2.142580e-1
 2.165097e+1	2.105270e-1
 2.166132e+1	2.065830e-1
 2.167168e+1	2.165900e-1
 2.168203e+1	2.117770e-1
 2.169238e+1	2.122860e-1
 2.170273e+1	2.118730e-1
 2.171308e+1	2.148410e-1
 2.172343e+1	2.148620e-1
 2.173379e+1	2.140880e-1
 2.174414e+1	2.106860e-1
 2.175449e+1	2.127420e-1
 2.176484e+1	2.192820e-1
 2.177519e+1	2.125090e-1
 2.178555e+1	2.085130e-1
 2.179590e+1	2.208190e-1
 2.180625e+1	2.153810e-1
 2.181660e+1	2.121060e-1
 2.182695e+1	2.220380e-1
 2.183731e+1	2.167060e-1
 2.184766e+1	2.222610e-1
 2.185801e+1	2.154130e-1
 2.186836e+1	2.057350e-1
 2.187871e+1	2.138020e-1
 2.188906e+1	2.117560e-1
 2.189942e+1	2.213920e-1
 2.190977e+1	2.184130e-1
 2.192012e+1	2.177450e-1
 2.193047e+1	2.119050e-1
 2.194082e+1	2.147770e-1
 2.195118e+1	2.207870e-1
 2.196153e+1	2.246560e-1
 2.197188e+1	2.248470e-1
 2.198223e+1	2.145650e-1
 2.199258e+1	2.136850e-1
 2.200294e+1	2.221020e-1
 2.201329e+1	2.159330e-1
 2.202364e+1	2.173850e-1
 2.203399e+1	2.211480e-1
 2.204434e+1	2.293200e-1
 2.205470e+1	2.143530e-1
 2.206505e+1	2.237340e-1
 2.207540e+1	2.178940e-1
 2.208575e+1	2.196110e-1
 2.209610e+1	2.225680e-1
 2.210645e+1	2.220490e-1
 2.211681e+1	2.235650e-1
 2.212716e+1	2.167810e-1
 2.213751e+1	2.154240e-1
 2.214786e+1	2.170240e-1
 2.215821e+1	2.122970e-1
 2.216857e+1	2.272640e-1
 2.217892e+1	2.309210e-1
 2.218927e+1	2.251860e-1
 2.219962e+1	2.303490e-1
 2.220997e+1	2.211270e-1
 2.222033e+1	2.213170e-1
 2.223068e+1	2.259070e-1
 2.224103e+1	2.215610e-1
 2.225138e+1	2.282600e-1
 2.226173e+1	2.294580e-1
 2.227209e+1	2.253240e-1
 2.228244e+1	2.282070e-1
 2.229279e+1	2.272220e-1
 2.230314e+1	2.221230e-1
 2.231349e+1	2.248470e-1
 2.232384e+1	2.243170e-1
 2.233420e+1	2.239140e-1
 2.234455e+1	2.243600e-1
 2.235490e+1	2.316310e-1
 2.236525e+1	2.216250e-1
 2.237560e+1	2.311750e-1
 2.238596e+1	2.337090e-1
 2.239631e+1	2.356060e-1
 2.240666e+1	2.301260e-1
 2.241701e+1	2.298500e-1
 2.242736e+1	2.386800e-1
 2.243772e+1	2.290870e-1
 2.244807e+1	2.289710e-1
 2.245842e+1	2.358500e-1
 2.246877e+1	2.285780e-1
 2.247912e+1	2.252080e-1
 2.248948e+1	2.272430e-1
 2.249983e+1	2.326810e-1
 2.251018e+1	2.321400e-1
 2.252053e+1	2.281120e-1
 2.253088e+1	2.356380e-1
 2.254123e+1	2.347580e-1
 2.255159e+1	2.319700e-1
 2.256194e+1	2.279530e-1
 2.257229e+1	2.337410e-1
 2.250000e+1	2.246570e-1
 2.300000e+1	2.304910e-1
 2.350000e+1	2.352070e-1
 2.400000e+1	2.264020e-1
 2.450000e+1	2.162180e-1
 2.500000e+1	2.168850e-1
 2.550000e+1	2.166140e-1
 2.600000e+1	2.157090e-1
 2.650000e+1	2.107720e-1
 2.700000e+1	2.116900e-1
 2.750000e+1	2.103750e-1
 2.800000e+1	2.134060e-1
 2.850000e+1	2.091890e-1
 2.900000e+1	2.056090e-1
 2.950000e+1	1.995470e-1
 3.000000e+1	2.013760e-1
 3.050000e+1	1.883520e-1
 3.100000e+1	1.835450e-1
 3.150000e+1	1.788580e-1
 3.200000e+1	1.721090e-1
 3.250000e+1	1.668910e-1
 3.300000e+1	1.614160e-1
 3.350000e+1	1.572400e-1
 3.400000e+1	1.503950e-1
 3.450000e+1	1.493760e-1
 3.500000e+1	1.422000e-1
 3.550000e+1	1.408870e-1
 3.600000e+1	1.340900e-1
 3.650000e+1	1.274070e-1
 3.700000e+1	1.244790e-1
 3.750000e+1	1.230060e-1
 3.800000e+1	1.227270e-1
 3.850000e+1	1.176080e-1
 3.900000e+1	1.125790e-1
 3.950000e+1	1.108730e-1
 4.000000e+1	1.078220e-1
 4.050000e+1	1.084770e-1
 4.100000e+1	1.054760e-1
 4.150000e+1	1.036810e-1
 4.200000e+1	1.015150e-1
 4.250000e+1	1.015530e-1
 4.300000e+1	1.002300e-1
 4.350000e+1	9.853700e-2
 4.400000e+1	9.809900e-2
 4.450000e+1	9.787300e-2
 4.500000e+1	9.690100e-2
 4.550000e+1	9.682300e-2
 4.600000e+1	9.514400e-2
 4.650000e+1	9.274300e-2
 4.700000e+1	9.367700e-2
 4.750000e+1	9.308600e-2
 4.800000e+1	9.221100e-2
 4.900000e+1	9.079100e-2
 5.000000e+1	8.810300e-2
 5.100000e+1	8.683100e-2
 5.200000e+1	8.408500e-2
 5.300000e+1	8.025300e-2
 5.400000e+1	7.710000e-2
 5.500000e+1	7.465500e-2
 5.600000e+1	7.139800e-2
 5.700000e+1	6.822400e-2
 5.800000e+1	6.527400e-2
 5.900000e+1	6.373500e-2
 6.000000e+1	6.000300e-2
 6.100000e+1	5.781300e-2
 6.200000e+1	5.517500e-2
 6.300000e+1	5.305400e-2
 6.400000e+1	5.109400e-2
 6.500000e+1	4.887000e-2
 6.600000e+1	4.597300e-2
 6.700000e+1	4.487600e-2
 6.800000e+1	4.342900e-2
 6.900000e+1	4.217400e-2
 7.000000e+1	4.061200e-2
 7.100000e+1	3.935500e-2
 7.200000e+1	3.834700e-2
 7.300000e+1	3.754200e-2
 7.400000e+1	3.615300e-2
 7.500000e+1	3.471100e-2
 7.600000e+1	3.348400e-2
 7.700000e+1	3.326800e-2
 7.800000e+1	3.184600e-2
 7.900000e+1	3.062900e-2
 8.000000e+1	3.060000e-2
 8.100000e+1	2.998200e-2
 8.200000e+1	2.903300e-2
 8.300000e+1	2.794400e-2
 8.400000e+1	2.700600e-2
 8.500000e+1	2.578000e-2
 8.600000e+1	2.547500e-2
 8.700000e+1	2.521800e-2
 8.800000e+1	2.438200e-2
 8.900000e+1	2.386300e-2
 9.000000e+1	2.324600e-2
 9.100000e+1	2.179600e-2
 9.200000e+1	2.195500e-2
 9.300000e+1	2.105400e-2
 9.400000e+1	2.099200e-2
 9.500000e+1	2.104000e-2
 9.600000e+1	1.999200e-2
 9.700000e+1	1.941200e-2
 9.800000e+1	1.920600e-2
 9.900000e+1	1.853200e-2
 1.000000e+2	1.823400e-2
 1.020000e+2	1.741000e-2
 1.040000e+2	1.665600e-2
 1.060000e+2	1.574900e-2
 1.080000e+2	1.524600e-2
 1.100000e+2	1.445200e-2
 1.120000e+2	1.400500e-2
 1.140000e+2	1.329400e-2
 1.160000e+2	1.282400e-2
 1.180000e+2	1.217100e-2
 1.200000e+2	1.180100e-2
 1.220000e+2	1.146200e-2
 1.240000e+2	1.094400e-2
 1.260000e+2	1.036400e-2
 1.280000e+2	1.025000e-2
 1.300000e+2	9.861000e-3
 1.320000e+2	9.478000e-3
 1.340000e+2	9.083000e-3
 1.360000e+2	8.791000e-3
 1.380000e+2	8.482000e-3
 1.400000e+2	8.354000e-3
 1.420000e+2	8.007000e-3
 1.440000e+2	7.734000e-3
 1.460000e+2	7.547000e-3
 1.480000e+2	7.259000e-3
 1.500000e+2	7.022000e-3
 1.520000e+2	6.822000e-3
 1.540000e+2	6.845000e-3
 1.560000e+2	6.705000e-3
 1.580000e+2	6.127000e-3
 1.600000e+2	6.081000e-3
 1.620000e+2	6.141000e-3
 1.640000e+2	5.806000e-3
 1.660000e+2	5.617000e-3
 1.680000e+2	5.620000e-3
 1.700000e+2	5.415000e-3
 1.720000e+2	5.490000e-3
 1.740000e+2	5.263000e-3
 1.760000e+2	4.936000e-3
 1.780000e+2	4.958000e-3
 1.800000e+2	4.764000e-3
 1.820000e+2	4.646000e-3
 1.840000e+2	4.712000e-3
 1.860000e+2	4.537000e-3
 1.880000e+2	4.602000e-3
 1.900000e+2	4.310000e-3
 1.920000e+2	4.124000e-3
 1.940000e+2	4.448000e-3
 1.960000e+2	4.106000e-3
 1.980000e+2	4.007000e-3
 2.000000e+2	3.918000e-3
-----------------------------
xxxxxxxxxxxxxxxxxxxxxxxxxxxxxxxxxxxxxxxxxxxxxxxxxxxxxxxxxxxxxxxxxxxxxxxxxxxxxxxxxxxxxxxxxxxxxxxxxxxxxxxxxxxxxxxxxxxxxxxx